<?xml version="1.0" standalone="no"?>
<!DOCTYPE svg PUBLIC "-//W3C//DTD SVG 20010904//EN"
 "http://www.w3.org/TR/2001/REC-SVG-20010904/DTD/svg10.dtd">
<svg version="1.0" xmlns="http://www.w3.org/2000/svg"
 width="720.000000pt" height="511.000000pt" viewBox="0 0 720.000000 511.000000"
 preserveAspectRatio="xMidYMid meet">

<g transform="translate(0.000000,511.000000) scale(0.100000,-0.100000)"
fill="#000000" stroke="none">
<path d="M0 3794 l0 -1316 43 6 c23 3 61 8 84 11 23 3 54 10 69 15 14 6 53 12
86 15 34 2 63 6 65 9 3 2 5 46 6 98 1 51 6 96 11 100 6 4 20 -4 33 -18 12 -13
26 -24 32 -24 5 0 -4 43 -19 95 -38 123 -53 260 -47 420 6 153 5 144 17 125 7
-11 10 -6 9 20 0 29 -2 31 -9 15 -8 -19 -9 -19 -9 3 -1 13 5 22 13 22 8 0 17
6 19 13 8 19 27 -13 26 -43 -3 -49 1 -79 14 -92 6 -7 13 -35 14 -62 1 -27 7
-54 13 -60 5 -5 10 -23 10 -39 0 -41 18 -71 35 -57 15 13 23 -2 35 -75 15 -83
51 -197 70 -220 5 -6 11 -22 14 -37 2 -14 9 -34 14 -44 5 -11 19 -41 31 -68
17 -39 26 -47 41 -43 11 3 20 2 20 -2 0 -5 24 -7 53 -6 56 2 90 -10 124 -47
20 -22 23 -27 23 -46 0 -4 16 -25 35 -47 40 -45 42 -71 5 -67 -29 3 -40 18
-40 54 0 34 -17 45 -34 23 -6 -9 -19 -16 -27 -15 -32 5 -46 -1 -57 -24 -6 -14
-26 -29 -47 -36 -30 -10 -40 -9 -60 4 -14 9 -25 26 -25 39 0 16 -3 18 -9 9 -4
-8 -12 -14 -17 -13 -19 0 -102 -80 -106 -103 l-5 -26 34 30 c34 31 67 38 78
19 4 -6 -7 -23 -24 -38 -17 -15 -31 -33 -31 -39 0 -18 -40 -40 -61 -35 -10 3
-19 1 -19 -5 0 -5 -19 -12 -43 -14 -24 -3 -56 -12 -73 -21 -16 -9 -38 -20 -49
-25 -11 -5 -28 -19 -39 -30 -22 -25 -34 -106 -17 -116 22 -14 10 -26 -24 -26
-34 0 -47 13 -22 23 7 4 8 6 1 6 -6 1 -17 -6 -24 -14 -14 -17 -56 -20 -65 -5
-3 5 -12 7 -20 4 -8 -4 -18 1 -21 10 -4 11 -13 15 -26 10 -13 -4 -31 5 -58 30
-22 20 -42 36 -45 36 -3 0 -5 -78 -5 -174 0 -172 0 -174 21 -169 12 4 25 0 30
-8 4 -8 18 -14 30 -14 12 0 24 -5 26 -11 5 -16 -59 -13 -75 3 -7 7 -18 13 -23
13 -5 0 -9 -139 -9 -345 l0 -345 33 14 c62 26 82 34 142 52 33 10 68 18 78 16
10 -1 15 3 12 8 -3 6 3 10 13 10 11 0 22 9 25 20 4 17 15 24 77 46 10 4 7 11
-15 28 l-29 23 -33 -19 c-18 -11 -46 -33 -63 -48 -33 -31 -37 -27 -16 15 18
35 68 65 106 65 22 0 30 5 30 18 0 24 61 82 67 65 3 -7 9 -13 14 -13 4 0 6 7
3 15 -4 8 -2 15 4 15 6 0 13 -6 15 -12 4 -8 6 -7 6 3 1 9 8 20 17 23 29 11 37
6 20 -13 -16 -18 -16 -19 10 -25 18 -5 32 -2 43 9 22 19 40 19 47 0 4 -9 20
-15 38 -16 17 -1 42 -5 56 -9 21 -7 19 -8 -17 -9 -51 -1 -75 -28 -67 -75 4
-24 3 -28 -5 -16 -6 8 -11 27 -11 42 0 19 -4 26 -14 22 -7 -3 -16 2 -19 10 -8
20 -36 21 -44 1 -5 -14 -8 -14 -25 2 -23 20 -25 20 -55 -16 -24 -28 -30 -56
-13 -66 17 -10 11 -32 -9 -38 -10 -2 -25 -17 -32 -33 -13 -26 -19 -29 -53 -26
-23 2 -36 0 -32 -6 7 -11 -21 -25 -35 -16 -5 3 -9 1 -9 -4 0 -6 -16 -13 -35
-16 -19 -4 -68 -22 -110 -41 -42 -19 -82 -35 -89 -35 -20 0 -26 -23 -26 -97 0
-81 19 -82 38 0 8 30 20 58 28 61 19 7 18 -21 -1 -58 -8 -15 -15 -30 -15 -31
0 -2 24 19 53 46 28 27 56 49 61 49 9 0 76 68 76 76 0 9 -33 3 -60 -11 -17 -9
-30 -11 -30 -6 0 15 15 21 75 31 45 7 62 6 94 -9 l39 -17 -48 -23 c-45 -22
-78 -22 -65 0 4 5 2 9 -4 9 -6 0 -18 -12 -28 -27 -24 -38 -33 -46 -66 -61 -18
-8 -27 -18 -24 -26 6 -15 -22 -46 -41 -46 -7 0 -12 -10 -12 -22 0 -19 -2 -20
-10 -8 -8 13 -11 11 -16 -7 -3 -12 -15 -25 -25 -28 -10 -4 -19 -9 -19 -13 0
-6 24 -9 115 -14 11 -1 29 2 40 7 14 6 11 1 -7 -14 -16 -12 -28 -28 -28 -34 0
-11 -44 -37 -61 -37 -5 0 -19 -11 -33 -24 l-26 -23 0 -312 0 -311 3600 0 3600
0 0 269 c0 231 -2 272 -16 285 -11 11 -12 21 -6 33 8 12 6 21 -6 31 -10 7 -11
11 -5 7 9 -4 11 -1 7 9 -9 23 -31 19 -39 -6 -8 -27 -8 -28 -1 -48 3 -8 -3 -26
-14 -40 l-19 -25 -51 54 c-29 31 -50 63 -50 76 0 57 -133 95 -171 49 -13 -16
-49 -19 -49 -4 0 6 -7 10 -16 10 -9 0 -12 -5 -8 -13 6 -9 4 -9 -7 -1 -8 5 -21
10 -29 10 -17 -1 -40 -42 -40 -73 0 -13 -4 -23 -10 -23 -13 0 -13 56 1 81 5
11 9 30 6 42 -3 21 -4 21 -12 2 -5 -10 -28 -39 -52 -63 -38 -37 -46 -42 -60
-30 -9 7 -21 13 -27 14 -6 0 -19 2 -28 2 -11 1 -18 10 -18 23 0 11 -4 18 -9
15 -11 -7 -25 23 -22 47 1 9 -3 17 -8 17 -6 0 -11 -7 -11 -15 0 -15 -17 -20
-54 -17 -18 2 -63 50 -59 64 2 4 -11 15 -27 23 -29 15 -33 15 -59 -4 -31 -22
-47 -71 -28 -83 7 -5 1 -8 -14 -8 -37 0 -44 26 -17 60 13 15 28 34 33 43 14
21 183 31 202 12 10 -11 10 -14 0 -18 -7 -3 -5 -6 6 -6 15 -1 22 10 18 32 0 4
8 7 20 7 11 0 17 -5 14 -10 -6 -10 7 -14 33 -11 8 1 20 -3 27 -9 8 -7 18 -9
24 -6 5 4 16 -1 25 -9 11 -12 20 -13 34 -6 13 7 22 7 29 0 7 -7 15 -5 26 5 17
17 37 21 37 7 0 -13 114 -32 156 -26 22 4 48 8 59 10 11 1 19 8 17 14 -2 11
44 14 184 16 70 0 84 14 84 86 0 33 -4 59 -10 59 -5 0 -10 -7 -10 -15 0 -9
-10 -14 -27 -14 -16 0 -41 -1 -58 -2 -16 -1 -41 -1 -55 1 -22 1 -20 4 18 21
23 11 42 23 42 27 0 4 14 16 30 25 20 12 30 26 30 42 0 32 -9 35 -59 24 -24
-5 -46 -7 -49 -5 -6 7 8 11 84 26 l61 12 -1 51 c-1 49 -2 51 -33 58 -22 4 -30
3 -26 -4 4 -7 0 -7 -13 -2 -10 5 -52 11 -93 13 -72 4 -73 4 -45 19 28 15 126
13 191 -3 32 -8 30 17 -3 53 -21 23 -35 28 -75 29 -27 1 -49 -3 -49 -9 0 -5
-11 -7 -25 -5 -14 3 -28 1 -31 -3 -6 -11 -55 -8 -71 4 -7 5 -19 5 -29 -1 -11
-6 -26 -4 -46 5 -22 12 -32 12 -43 3 -18 -15 -62 -3 -46 13 9 9 6 16 -11 29
l-23 18 25 1 c41 3 44 4 78 21 20 11 32 12 32 5 0 -6 6 -2 14 8 8 12 19 16 30
12 10 -4 24 -1 32 8 9 8 21 15 27 15 8 0 7 -4 -1 -12 -7 -7 -12 -17 -12 -24 0
-15 35 -7 51 12 10 12 8 13 -6 8 -12 -5 -16 -4 -12 3 10 16 59 23 53 8 -3 -8
2 -11 13 -8 10 2 25 -3 35 -12 9 -9 16 -12 16 -5 0 7 6 5 16 -4 20 -21 23 -20
17 3 -3 13 -12 18 -24 16 -14 -3 -19 2 -19 21 0 13 -11 34 -25 46 -32 28 -31
34 4 52 20 11 31 27 39 58 7 27 8 46 2 52 -16 16 -11 30 5 16 12 -10 16 -9 21
5 4 10 1 21 -7 26 -17 11 -29 11 -29 2 0 -5 -10 -19 -21 -33 -12 -14 -19 -18
-16 -8 4 10 -1 18 -14 21 -10 3 -19 11 -19 17 0 7 6 10 14 7 9 -4 13 3 12 23
l-1 29 -24 -22 -24 -22 17 33 c11 22 15 44 11 63 -4 16 -3 29 2 29 4 0 9 12
10 26 2 51 20 50 70 -3 26 -27 56 -61 65 -74 16 -23 17 13 18 664 0 592 -2
687 -14 687 -8 0 -18 5 -22 12 -5 8 0 9 14 6 21 -6 22 -3 22 63 0 38 -1 69 -3
69 -1 0 -29 -9 -61 -21 -33 -11 -81 -23 -108 -26 -41 -5 -48 -9 -48 -27 0 -12
-7 -31 -15 -42 -8 -10 -15 -26 -15 -35 0 -9 -7 -23 -16 -30 -14 -11 -16 -10
-13 11 2 14 -3 40 -11 59 -13 32 -12 35 8 52 26 21 27 25 5 33 -10 4 -26 -3
-44 -20 -24 -23 -31 -25 -44 -14 -11 9 -18 10 -28 1 -8 -6 -17 -8 -20 -4 -4 3
-7 -1 -7 -11 0 -9 -4 -15 -9 -12 -5 4 -7 -11 -5 -35 4 -30 2 -39 -7 -33 -14 8
-8 -3 24 -49 23 -33 17 -72 -13 -80 -21 -5 -37 23 -24 44 3 6 1 29 -6 50 -12
37 -16 39 -42 34 -17 -4 -35 -2 -43 5 -11 9 -17 6 -32 -17 -23 -36 -34 -44
-53 -37 -8 4 -21 7 -27 7 -15 0 -18 17 -3 17 6 0 10 4 10 9 0 4 -11 7 -25 6
-27 -3 -32 12 -15 46 9 16 7 19 -14 19 -13 0 -27 -6 -29 -12 -3 -8 -6 -6 -6 4
-1 12 11 21 39 28 51 14 55 23 19 44 -16 9 -29 24 -29 32 0 12 -4 12 -20 4
-11 -6 -20 -16 -20 -21 0 -6 -12 -25 -26 -42 -14 -17 -23 -38 -21 -48 6 -21
-16 -32 -32 -16 -8 8 -11 6 -11 -10 0 -27 -49 -39 -67 -17 -9 12 -11 5 -9 -35
2 -28 6 -54 10 -58 3 -4 -5 -19 -20 -34 -14 -15 -26 -30 -25 -33 3 -16 -1 -16
-29 1 -23 13 -32 15 -42 5 -18 -18 -27 -15 -38 13 -5 14 -20 27 -35 31 -16 4
-25 13 -25 25 0 12 -10 23 -26 29 -14 6 -29 23 -35 40 -6 16 -15 27 -20 24 -5
-3 -6 -11 -2 -17 4 -7 9 -21 10 -32 3 -20 3 -20 -12 -1 -15 20 -15 20 -30 0
-25 -33 -14 -125 29 -243 26 -71 10 -93 -49 -71 -24 9 -26 8 -20 -10 5 -15 2
-20 -12 -20 -18 0 -43 43 -48 81 -1 9 -5 21 -9 27 -4 7 3 14 19 18 29 7 30 12
10 38 -13 17 -15 17 -21 3 -3 -9 -14 -19 -24 -22 -22 -7 -35 -39 -23 -57 12
-20 13 -41 1 -55 -21 -25 -27 -12 -22 42 3 37 1 55 -6 55 -6 0 -9 -4 -6 -9 4
-5 1 -11 -5 -13 -5 -2 -11 -18 -11 -35 -1 -23 -8 -34 -27 -44 l-26 -12 27 -6
c21 -5 25 -9 18 -21 -8 -12 -13 -13 -30 -2 -29 18 -32 16 -29 -25 1 -26 10
-45 28 -60 32 -28 21 -42 -14 -19 -36 24 -52 8 -60 -57 -4 -29 -10 -68 -15
-87 -19 -81 -20 -90 -11 -90 5 0 12 9 16 19 7 22 24 27 128 36 l77 7 0 -36 c0
-26 -4 -36 -15 -36 -9 0 -42 -17 -73 -37 -41 -26 -52 -38 -39 -41 33 -7 21
-49 -22 -76 -40 -26 -64 -67 -42 -74 6 -2 11 -8 11 -14 0 -6 -6 -8 -13 -5 -25
9 -38 -9 -39 -54 0 -24 -3 -38 -5 -31 -7 19 -23 14 -23 -8 0 -12 10 -25 25
-32 23 -10 34 -28 18 -28 -5 0 -13 -10 -19 -23 -9 -21 -8 -23 18 -19 22 3 28
0 30 -14 3 -41 -4 -80 -18 -95 -8 -8 -14 -21 -14 -28 0 -9 -10 -7 -33 6 -36
22 -66 21 -44 -1 6 -7 24 -20 40 -30 15 -10 27 -22 27 -27 0 -15 -93 -50 -104
-39 -7 7 -6 14 3 23 10 10 11 8 5 -8 -7 -20 -7 -20 9 0 19 25 16 28 -16 20
-24 -6 -43 -32 -32 -43 3 -3 5 1 5 9 0 12 2 12 9 0 6 -9 -5 -27 -37 -60 -41
-42 -50 -47 -77 -41 -20 4 -49 -1 -88 -16 -60 -24 -139 -42 -195 -46 -21 -1
-40 -10 -48 -22 -22 -32 -17 4 6 42 12 20 28 32 41 32 21 0 21 0 -2 20 l-24
20 26 -6 c19 -4 28 -1 32 11 5 13 16 15 54 10 27 -4 77 0 113 7 53 11 65 17
65 33 0 11 5 23 10 27 6 5 6 8 -2 8 -6 0 -10 11 -8 26 1 15 -7 43 -19 63 -20
35 -21 35 -24 11 -2 -14 -8 -29 -13 -35 -5 -5 -9 -22 -9 -38 0 -18 -4 -27 -12
-25 -7 3 -20 -5 -30 -16 l-18 -21 -6 22 c-6 21 -21 27 -61 26 -7 -1 -13 7 -14
16 0 12 -4 11 -16 -7 -16 -23 -63 -31 -63 -11 0 6 9 50 21 96 11 47 18 92 15
99 -3 8 -1 14 4 14 6 0 10 6 10 14 0 8 16 31 35 51 l35 37 92 -5 c51 -2 101
-8 111 -12 12 -5 17 -3 17 8 0 23 40 67 60 67 11 0 24 -9 30 -20 6 -11 15 -20
20 -20 16 0 30 64 21 97 -10 34 4 173 18 183 4 3 13 37 19 75 9 57 8 82 -4
135 -8 36 -19 133 -24 215 -6 95 -23 218 -46 333 -20 101 -34 185 -32 188 3 2
17 -27 32 -65 24 -61 49 -91 63 -77 3 3 -4 34 -16 70 -12 36 -21 69 -21 73 1
12 29 -40 30 -54 0 -7 11 -36 24 -65 12 -29 29 -75 36 -101 9 -33 16 -44 21
-35 5 7 6 25 3 41 -7 35 13 36 26 1 12 -30 13 -75 2 -57 -5 8 -11 8 -24 -1 -9
-7 -14 -17 -10 -23 10 -14 60 -25 66 -14 7 10 82 3 109 -11 25 -13 36 21 12
38 -13 10 -19 27 -19 63 -1 29 -4 44 -9 38 -5 -7 -6 -1 -2 13 16 58 16 79 2
106 -15 29 -12 84 4 84 5 0 9 17 9 38 0 21 7 47 15 58 8 10 15 33 15 50 0 25
6 34 28 42 15 6 40 11 55 10 16 0 39 5 52 12 14 8 31 9 42 4 10 -4 35 -8 55
-8 29 -1 39 4 47 22 10 21 43 29 90 22 19 -2 31 19 31 58 0 30 2 32 37 32 69
0 153 22 153 41 0 9 9 19 20 22 11 3 20 12 20 21 0 9 10 18 23 20 12 3 34 7
50 10 15 3 38 9 52 12 23 6 25 4 25 -30 0 -20 -5 -36 -11 -36 -5 0 -7 -4 -4
-10 3 -5 11 -10 16 -10 6 0 7 5 4 10 -3 6 -1 10 5 10 6 0 16 12 23 28 6 15 16
30 22 34 15 11 55 10 55 -2 0 -5 -4 -10 -10 -10 -5 0 -7 -7 -3 -16 4 -11 -2
-23 -16 -33 -18 -14 -20 -21 -13 -41 11 -30 5 -50 -14 -50 -24 0 -15 -22 22
-57 20 -18 38 -33 40 -33 1 0 1 24 -2 54 -2 31 0 57 6 61 5 3 10 15 10 26 0
15 6 20 23 19 12 -1 28 -2 35 -1 17 1 15 21 -2 21 -8 0 -13 8 -11 18 2 9 4 28
4 41 1 24 1 24 15 5 14 -18 16 -18 28 -2 16 21 60 38 98 38 33 0 49 -17 26
-26 -21 -8 -20 -31 2 -42 9 -5 43 -14 75 -21 31 -7 57 -17 57 -22 0 -11 60
-49 78 -49 9 0 12 151 12 720 l0 720 -3600 0 -3600 0 0 -1316z m2495 685 c18
-17 -21 -40 -79 -45 -57 -5 -58 -5 -51 18 4 13 12 25 16 26 5 2 7 7 4 11 -6
11 98 1 110 -10z m86 1 c14 -8 19 -7 19 2 0 9 3 9 11 1 19 -19 -31 -90 -54
-76 -4 2 -7 1 -6 -4 1 -4 -3 -20 -9 -34 -11 -28 -32 -31 -69 -11 -32 18 -29
37 9 53 25 10 28 14 14 19 -14 5 -10 11 21 32 46 32 40 30 64 18z m-201 -64
c0 -2 -7 -6 -15 -10 -8 -3 -15 -1 -15 4 0 6 7 10 15 10 8 0 15 -2 15 -4z
m-175 -26 c7 -12 -38 -12 -75 0 -20 7 -16 8 22 9 26 1 50 -3 53 -9z m245 -60
c0 -5 -7 -10 -16 -10 -8 0 -12 5 -9 10 3 6 10 10 16 10 5 0 9 -4 9 -10z m-239
-41 l22 -31 -22 7 c-14 4 -21 2 -21 -7 -1 -16 -29 32 -30 50 0 23 29 12 51
-19z m203 -20 c-3 -5 -14 -9 -25 -9 -19 0 -24 15 -13 44 5 14 9 14 25 -5 10
-12 16 -26 13 -30z m76 32 c0 -6 -4 -13 -10 -16 -5 -3 -10 1 -10 9 0 9 5 16
10 16 6 0 10 -4 10 -9z m-303 -67 c-3 -3 -12 -4 -19 -1 -8 3 -5 6 6 6 11 1 17
-2 13 -5z m3083 -54 c-42 -106 -50 -121 -93 -167 -25 -27 -55 -68 -67 -93 -13
-25 -25 -39 -27 -33 -7 20 48 113 84 142 23 19 45 55 68 111 19 47 35 86 35
87 0 2 4 3 10 3 5 0 1 -22 -10 -50z m210 35 c0 -2 -13 -41 -30 -87 -16 -45
-30 -101 -30 -124 0 -50 -41 -184 -70 -233 -35 -55 -32 -30 6 60 34 82 39 99
53 204 7 55 51 185 63 185 5 0 8 -2 8 -5z m-3032 -275 c0 -55 0 -55 -9 -15 -4
22 -7 87 -7 145 l1 105 8 -90 c4 -49 7 -115 7 -145z m2881 117 c-2 -1 -48 -43
-102 -91 -53 -49 -100 -86 -103 -83 -6 6 24 35 136 129 36 31 67 54 69 52 2
-2 2 -5 0 -7z m1321 -92 c19 -23 8 -26 -20 -5 -19 15 -21 20 -9 20 9 0 22 -7
29 -15z m-1260 -10 c0 -3 -17 -27 -37 -54 -21 -27 -43 -57 -49 -67 -7 -11 -15
-16 -19 -12 -7 7 85 137 98 138 4 0 7 -2 7 -5z m-450 -63 c0 -5 -7 -17 -15
-28 -15 -19 -20 -8 -9 20 6 17 24 22 24 8z m118 -47 c-6 -14 -13 -23 -16 -21
-7 7 9 46 18 46 5 0 4 -11 -2 -25z m-2836 -95 c-4 -95 -6 -104 -37 -150 -30
-45 -75 -147 -75 -170 0 -6 -3 -10 -7 -10 -19 1 -32 18 -43 57 -11 37 -11 48
6 90 10 26 17 54 16 61 -2 6 2 12 7 12 6 0 33 47 62 105 28 58 57 105 63 105
8 0 10 -31 8 -100z m2778 85 c0 -8 -4 -15 -9 -15 -5 0 -11 7 -15 15 -3 9 0 15
9 15 8 0 15 -7 15 -15z m140 -15 c0 -5 -7 -10 -15 -10 -8 0 -15 5 -15 10 0 6
7 10 15 10 8 0 15 -4 15 -10z m-112 -37 c27 -6 29 -23 2 -23 -28 0 -70 21 -64
32 3 5 13 6 23 2 9 -3 26 -9 39 -11z m191 -103 c36 -38 93 -123 104 -155 6
-17 4 -16 -11 3 -28 39 -124 154 -144 174 -10 10 -18 23 -18 29 0 14 23 -3 69
-51z m-3293 11 c-12 -19 -24 -12 -19 10 4 13 9 17 15 11 6 -6 7 -15 4 -21z
m-136 -95 c0 -26 -5 -36 -21 -41 -19 -6 -19 -8 -5 -24 18 -20 12 -53 -15 -69
-18 -11 -19 -9 -19 26 0 49 -6 55 -36 35 -34 -22 -30 -1 6 31 17 15 35 38 40
51 6 15 17 25 30 25 16 0 20 -7 20 -34z m3366 7 c11 -10 32 -38 47 -63 l28
-45 -51 55 c-29 30 -56 54 -61 53 -5 -2 -9 2 -9 7 0 16 25 12 46 -7z m601 -51
c24 -29 30 -67 11 -78 -6 -4 -17 1 -25 11 -7 11 -13 14 -13 8 0 -7 5 -15 11
-19 11 -6 10 -19 -7 -126 -4 -26 -12 -38 -27 -42 -19 -5 -27 0 -42 29 -3 6 -7
6 -11 -2 -8 -17 -61 1 -84 29 -21 25 -113 193 -119 218 -3 11 0 12 11 2 8 -6
18 -9 21 -5 4 3 13 0 22 -7 13 -11 14 -10 10 3 -5 13 6 15 74 14 45 0 84 2 87
6 11 10 58 -13 81 -41z m-817 29 c0 -6 -4 -13 -10 -16 -5 -3 -10 -13 -10 -22
0 -13 5 -11 26 8 24 21 26 22 16 3 -17 -33 -35 -43 -65 -37 l-29 6 28 23 c15
13 24 24 20 24 -4 0 -4 5 -1 10 8 13 25 13 25 1z m195 -2 c11 -16 1 -19 -13
-3 -7 8 -8 14 -3 14 5 0 13 -5 16 -11z m160 -134 c29 -58 41 -92 34 -96 -6 -4
-8 -17 -5 -30 6 -21 5 -22 -4 -6 -7 10 -9 25 -6 33 7 19 -24 85 -37 77 -6 -3
-7 -1 -3 6 4 6 -8 37 -26 68 -46 80 -55 105 -23 68 14 -16 45 -70 70 -120z
m89 52 c37 -66 71 -151 57 -143 -4 3 -16 27 -26 53 -10 26 -21 53 -25 58 -24
36 -61 107 -51 101 6 -4 26 -35 45 -69z m-318 48 c4 -8 10 -12 15 -9 5 3 9 -2
9 -10 0 -9 4 -16 9 -16 15 0 102 -181 96 -200 -6 -19 19 -90 34 -100 4 -3 17
-34 27 -70 l20 -65 18 22 c16 17 22 19 37 10 15 -9 22 -8 35 4 13 14 14 23 5
55 -20 71 -10 70 14 -1 26 -79 33 -69 10 15 -8 30 -15 60 -15 65 1 20 29 -42
40 -87 7 -27 16 -45 21 -42 5 3 9 -3 10 -13 0 -11 3 -13 6 -5 2 7 -2 33 -11
57 -8 25 -11 43 -6 40 20 -12 48 -147 55 -270 3 -49 8 -112 13 -140 10 -70 -3
-316 -23 -398 -19 -81 -53 -174 -65 -182 -6 -4 -7 8 -3 27 3 18 10 35 15 36 4
2 6 8 3 13 -3 4 1 21 9 36 7 16 17 55 20 88 4 33 9 71 12 83 3 17 1 21 -7 16
-9 -5 -10 -1 -6 15 3 14 1 21 -6 18 -6 -2 -17 -43 -24 -92 -14 -97 -35 -171
-58 -201 -14 -18 -14 -17 -16 11 l-1 30 -8 -30 c-4 -16 -8 -24 -9 -17 -1 10
-6 10 -23 -2 -12 -9 -26 -16 -30 -16 -4 0 -4 46 0 103 11 158 7 492 -6 589
-13 90 -48 235 -61 253 -4 5 -22 55 -40 110 -29 89 -70 174 -125 258 -11 16
-14 27 -7 27 6 0 14 -7 17 -15z m-241 -38 c-58 -100 -84 -221 -86 -393 -1
-100 17 -319 28 -336 8 -15 33 -8 33 9 0 32 12 3 35 -84 28 -105 31 -76 9 68
-20 124 -22 412 -4 509 14 80 46 177 67 204 15 20 15 20 8 1 -46 -119 -57
-160 -67 -240 -11 -90 -7 -185 17 -370 12 -94 15 -104 32 -98 13 5 15 20 11
102 -5 100 -3 125 13 115 5 -3 9 4 9 15 0 10 -6 21 -12 24 -10 3 -10 9 0 28 6
13 16 65 21 114 10 94 69 308 91 328 10 10 11 8 5 -8 -4 -11 -11 -31 -15 -45
-5 -14 -16 -48 -25 -76 -9 -29 -18 -94 -20 -145 l-4 -94 13 60 c8 33 21 80 30
104 9 24 16 52 16 63 0 21 39 102 46 96 2 -3 -10 -47 -26 -99 -17 -52 -35
-107 -40 -124 -17 -53 -19 -124 -6 -157 8 -19 15 -26 18 -17 4 12 7 12 22 0
28 -23 97 -24 121 -1 l22 20 18 -20 c11 -12 13 -20 6 -20 -7 0 -10 -4 -6 -9 3
-5 1 -12 -5 -16 -6 -4 -8 -38 -5 -87 3 -47 2 -85 -4 -92 -8 -9 0 -13 29 -14
39 -3 54 10 25 22 -21 7 -19 28 2 24 24 -4 31 -41 39 -207 8 -167 16 -152 -83
-151 -28 0 -54 -4 -58 -10 -3 -5 2 -10 12 -10 23 -1 95 -45 87 -53 -4 -4 -2
-13 5 -21 18 -22 3 -91 -26 -116 -22 -19 -24 -19 -19 -3 8 26 -4 38 -44 41
-19 1 -58 5 -87 8 l-52 6 -6 -35 c-4 -19 -5 -43 -3 -54 3 -16 6 -15 28 10 13
15 27 27 31 27 4 0 7 -31 6 -70 -2 -59 -5 -70 -19 -70 -13 0 -18 8 -19 28 0
15 -3 21 -6 15 -3 -10 -10 -10 -24 -2 -26 13 -59 2 -59 -20 0 -26 -21 -43 -37
-30 -20 17 -16 -5 5 -31 15 -19 17 -28 8 -46 -6 -13 -14 -24 -18 -24 -5 0 -8
-6 -8 -14 0 -22 -48 -29 -67 -11 -14 14 -14 17 1 34 9 10 16 21 16 24 0 8 -83
4 -90 -4 -3 -3 -16 -10 -29 -14 l-24 -7 22 30 c27 38 26 40 -4 40 -14 -1 -35
8 -45 17 -20 18 -21 18 -34 -1 -10 -12 -11 -22 -5 -29 7 -6 13 -5 19 5 5 8 12
11 16 7 4 -4 -5 -16 -19 -27 -14 -11 -29 -30 -32 -41 -7 -20 -8 -20 -23 -5
-14 14 -15 20 -4 37 12 18 9 18 -21 -5 -36 -28 -47 -24 -61 19 -7 23 -98 63
-104 45 -6 -18 -22 1 -22 27 0 22 -2 24 -16 12 -8 -7 -13 -21 -11 -30 5 -17
-25 -37 -45 -31 -5 1 -8 -2 -8 -7 0 -5 -8 -7 -19 -4 -23 6 -32 -7 -24 -35 4
-16 13 -22 33 -22 43 0 79 -62 57 -96 -4 -7 0 -14 7 -17 8 -3 16 -2 18 4 4 12
48 21 48 9 0 -5 -4 -12 -10 -15 -5 -3 -10 -15 -10 -25 0 -14 -6 -19 -22 -17
-36 4 -33 -27 4 -44 18 -7 38 -25 44 -37 7 -13 26 -32 43 -43 17 -10 31 -23
31 -29 0 -5 9 -19 20 -30 11 -11 20 -30 20 -43 0 -13 6 -32 14 -43 17 -23 4
-44 -26 -44 -35 0 -13 -25 28 -30 l39 -5 -35 -8 c-26 -6 -38 -4 -46 8 -6 8
-19 15 -28 15 -21 0 -21 16 0 28 13 7 2 19 -57 62 -41 29 -77 58 -81 64 -11
15 -10 78 1 95 7 11 0 22 -27 43 -20 15 -47 37 -59 49 l-21 22 -13 -42 c-11
-39 -15 -42 -43 -39 -26 2 -30 7 -28 26 2 12 -1 22 -7 22 -22 0 -61 -24 -76
-47 -9 -12 -24 -23 -34 -23 -10 0 -22 -7 -25 -16 -5 -14 -4 -15 9 -4 13 11 21
10 43 -1 15 -7 35 -16 44 -19 13 -4 15 -9 8 -20 -9 -13 -11 -13 -20 0 -9 13
-13 12 -29 -7 -11 -13 -27 -23 -36 -23 -25 0 -56 -20 -49 -31 3 -5 1 -16 -5
-23 -13 -16 -67 -12 -130 10 -36 12 -50 13 -73 3 -15 -6 -28 -14 -28 -18 0 -4
-14 -23 -31 -43 -30 -35 -33 -36 -55 -21 -13 8 -28 12 -34 8 -7 -4 23 -22 67
-40 57 -23 83 -29 96 -23 25 13 13 22 -25 23 -17 0 -33 5 -35 12 -3 8 6 10 30
6 20 -3 37 -1 41 6 4 6 16 11 28 11 17 0 19 -4 14 -26 -5 -17 -3 -23 4 -19 15
9 40 -13 40 -36 0 -21 -32 -33 -66 -25 -14 4 -24 2 -24 -4 0 -6 -11 -15 -25
-20 -14 -5 -30 -21 -35 -34 -5 -14 -18 -30 -30 -36 -11 -6 -20 -19 -20 -30 0
-17 -26 -40 -46 -40 -3 0 -4 23 -2 50 5 48 -3 72 -17 50 -4 -6 -21 -2 -46 10
-31 16 -39 18 -39 6 0 -8 4 -16 9 -18 5 -2 6 -24 2 -50 l-8 -47 41 -3 c33 -2
41 -7 41 -23 0 -11 -6 -19 -12 -17 -7 1 -13 -4 -13 -11 0 -7 -25 -17 -62 -24
-35 -7 -90 -25 -123 -41 -33 -16 -78 -35 -100 -42 -22 -7 -51 -17 -64 -22 -29
-11 -40 2 -33 38 5 29 -8 31 -31 4 -9 -11 -14 -20 -10 -20 4 0 2 -5 -5 -12
-14 -14 -16 -42 -2 -33 6 3 10 1 10 -4 0 -6 -7 -11 -15 -11 -8 0 -15 6 -15 13
0 8 -11 24 -25 37 -14 13 -25 19 -25 12 0 -14 -37 -26 -70 -23 -33 3 -65 -21
-57 -42 3 -9 28 -28 54 -42 37 -20 41 -24 18 -19 -16 4 -43 7 -60 8 -21 1 -30
6 -29 17 1 12 -5 14 -24 11 -17 -3 -23 -1 -18 7 4 6 2 11 -4 11 -7 0 -10 6 -7
13 4 11 -19 15 -55 8 -4 0 -15 -15 -23 -32 -16 -30 -16 -31 4 -24 12 4 21 2
21 -4 0 -6 11 -11 24 -11 15 0 27 -7 31 -18 7 -25 150 -54 221 -46 42 5 59 2
102 -20 54 -27 69 -56 30 -56 -22 1 -22 2 -5 14 16 12 14 15 -23 30 -22 9 -43
16 -45 16 -11 0 -4 -29 8 -34 6 -3 -4 -2 -23 2 -36 7 -89 8 -175 2 -66 -4
-148 4 -152 16 -13 36 -22 38 -48 14 -23 -22 -26 -31 -21 -67 8 -57 0 -74 -30
-67 -19 5 -26 1 -33 -17 -9 -23 -10 -22 -10 8 -1 45 -10 63 -32 63 -22 0 -23
3 -7 48 11 30 11 35 -7 48 -12 9 -15 18 -9 24 11 11 27 2 42 -25 11 -19 11
-19 12 5 0 34 -15 54 -34 47 -12 -5 -20 2 -29 21 -11 27 -140 162 -153 162 -4
0 3 -11 16 -25 l23 -24 -38 -76 c-35 -70 -37 -76 -22 -93 14 -15 14 -21 4 -34
-14 -18 -64 -36 -88 -33 -14 2 -15 -1 -6 -26 14 -37 26 -36 69 4 37 34 46 56
54 126 3 24 10 56 16 70 9 24 10 24 19 8 7 -11 7 -23 1 -30 -5 -7 -14 -26 -20
-44 -8 -25 -8 -33 4 -37 15 -6 47 5 75 26 25 18 52 3 43 -24 -9 -27 -9 -48 -1
-68 4 -8 -2 -26 -13 -40 -17 -21 -21 -23 -30 -10 -5 8 -7 22 -5 30 3 10 -1 16
-13 16 -10 0 -18 -8 -18 -18 0 -10 5 -18 11 -18 5 0 3 -4 -4 -9 -9 -6 -22 -6
-35 1 -15 8 -21 8 -24 -1 -2 -6 -10 -11 -17 -11 -8 0 -23 -12 -35 -27 -12 -16
-31 -31 -43 -35 -15 -4 -8 -6 23 -7 25 -1 59 -8 75 -15 l30 -13 -38 -8 c-25
-5 -47 -3 -62 5 -35 19 -69 6 -146 -55 -57 -46 -74 -55 -108 -55 -42 0 -45 5
-40 68 0 4 10 11 22 15 18 7 20 6 10 -4 -7 -7 -13 -24 -12 -38 0 -16 3 -20 6
-11 20 51 111 107 184 112 26 2 43 18 19 18 -5 0 -10 7 -10 15 0 13 -4 14 -20
5 -16 -8 -20 -8 -20 4 0 8 4 17 9 20 5 3 7 15 4 26 -4 16 -14 20 -52 21 -25 0
-63 1 -84 2 -34 2 -37 0 -32 -18 17 -52 16 -64 -6 -94 -24 -32 -39 -32 -39 0
0 11 -12 38 -26 60 -29 47 -45 42 -47 -15 -1 -30 -3 -33 -11 -19 -5 10 -9 41
-9 69 l1 51 -41 -10 c-23 -5 -62 -15 -86 -22 -55 -16 -71 -11 -71 25 0 69 87
121 198 118 37 -1 77 4 89 10 29 16 95 15 116 -1 16 -11 10 -16 -48 -47 -51
-27 -65 -39 -63 -55 3 -17 11 -20 75 -22 62 -1 73 1 78 17 9 29 34 45 47 32 7
-7 20 -12 29 -12 10 0 19 -6 21 -12 3 -8 9 -5 16 9 15 28 6 52 -17 46 -14 -3
-21 4 -30 28 -24 70 -9 129 42 159 19 11 40 31 47 45 9 17 30 30 59 40 25 7
38 14 29 14 -10 1 -18 7 -18 15 0 9 20 17 58 24 l57 9 -50 3 -50 2 54 13 c30
8 58 12 62 9 4 -2 9 5 12 15 2 11 23 32 45 48 37 27 38 30 20 39 -30 13 -86
96 -70 101 7 3 21 22 32 43 25 50 77 75 134 65 23 -4 59 -7 80 -6 58 1 110
-15 140 -45 l26 -27 -4 44 c-3 24 -7 53 -11 64 -6 17 -4 17 13 -4 l19 -24 11
45 c7 25 14 53 18 62 4 10 -1 18 -12 23 -47 18 -46 51 5 97 12 11 21 25 21 33
0 20 17 16 23 -6 3 -12 -1 -18 -11 -17 -9 0 -26 -18 -40 -41 -29 -52 -19 -54
31 -8 32 29 37 31 37 14 0 -10 5 -19 10 -19 6 0 15 -11 20 -25 6 -15 17 -25
30 -25 11 0 20 -3 20 -7 0 -17 117 -82 150 -83 2 0 -11 13 -30 30 -29 25 -33
31 -20 40 23 15 52 12 90 -11 22 -14 36 -17 38 -10 2 6 12 11 22 11 21 0 40
28 40 58 0 21 18 32 50 32 30 0 90 -58 90 -86 0 -32 29 -43 46 -19 8 11 12 27
9 36 -13 41 78 95 108 64 16 -15 20 -14 115 20 10 4 9 12 -3 41 -10 25 -12 41
-5 49 8 9 4 11 -15 7 -14 -2 -25 -8 -25 -13 0 -22 -117 9 -148 38 -7 7 -20 13
-28 13 -22 0 -28 45 -9 74 10 14 13 26 7 26 -6 0 -14 -5 -17 -10 -4 -6 -15 -8
-25 -5 -11 3 -41 -5 -69 -20 -37 -18 -55 -35 -65 -60 -12 -29 -20 -35 -45 -35
-48 0 -45 15 16 66 82 68 83 70 33 43 -25 -13 -55 -34 -68 -46 -24 -24 -38
-30 -27 -13 3 6 2 10 -3 10 -17 0 -22 -13 -9 -29 10 -14 10 -14 -5 -3 -17 14
-33 9 -118 -38 -19 -10 -47 -19 -62 -20 -17 0 -33 -8 -40 -20 -7 -11 -18 -20
-24 -20 -19 0 -31 43 -22 75 4 17 6 44 3 60 -5 23 -1 19 16 -17 11 -26 27 -49
34 -52 7 -2 43 14 79 37 36 23 93 57 126 76 63 36 72 51 21 33 -29 -10 -31 -9
-57 35 -15 26 -39 57 -53 69 -14 13 -21 24 -14 24 7 0 16 -7 21 -16 6 -11 8
-4 8 23 -1 21 -5 41 -10 45 -6 4 1 16 15 27 27 23 44 27 33 9 -5 -7 -2 -9 9
-5 9 3 27 -3 40 -14 14 -10 34 -19 44 -19 10 0 37 -17 60 -38 45 -43 64 -82
39 -82 -9 0 -16 -4 -16 -9 0 -23 302 91 385 145 114 74 154 94 372 190 100 43
109 50 86 56 -15 4 -29 5 -32 3 -2 -3 2 -5 10 -5 8 0 -4 -9 -26 -19 -22 -10
-44 -15 -50 -11 -20 16 -100 5 -131 -17 -17 -12 -49 -26 -70 -31 -47 -11 -144
-53 -144 -63 0 -3 7 -12 15 -19 8 -7 15 -18 15 -24 0 -7 -3 -7 -8 -1 -18 24
-74 55 -100 55 -50 0 -92 12 -92 26 0 8 -9 14 -20 14 -11 0 -20 -5 -20 -10 0
-7 -13 -9 -33 -5 -25 5 -44 1 -73 -16 -21 -13 -42 -28 -46 -34 -11 -15 -9 4 2
26 9 16 7 19 -12 19 -43 0 -69 12 -64 27 5 12 -4 14 -51 11 -45 -2 -58 0 -61
12 -2 11 19 21 80 38 132 36 154 38 161 13 5 -19 12 -21 91 -21 104 0 171 14
256 52 45 20 83 30 122 31 52 1 56 3 43 17 -8 9 -15 19 -15 21 0 3 38 6 85 8
255 9 336 1 361 -33 15 -20 16 -20 10 9 -3 17 -10 68 -17 115 -6 47 -13 87
-16 90 -2 3 -14 6 -26 7 -46 4 -94 11 -151 22 -33 6 -114 11 -180 12 -118 1
-120 1 -86 16 50 22 138 28 212 14 34 -7 99 -13 144 -14 l81 -2 7 126 c7 138
21 232 36 237 6 2 10 10 10 17 0 7 6 15 13 18 13 5 57 107 67 157 3 14 13 26
22 28 14 3 13 -4 -8 -48 -62 -129 -82 -218 -88 -405 -4 -94 14 -308 29 -356 6
-17 9 -18 16 -8 8 14 6 90 -4 105 -3 5 -3 22 -2 39 4 35 -4 52 -16 34 -6 -9
-9 -1 -9 24 0 42 7 47 20 15 6 -17 9 -19 9 -6 1 12 7 16 19 12 14 -5 15 -4 2
5 -13 9 -13 13 -1 33 8 14 17 70 22 143 12 192 53 349 106 407 26 29 26 21 -2
-25z m144 -9 c-13 -24 -33 -74 -45 -113 -28 -84 -32 -66 -5 22 17 56 56 133
67 133 2 0 -5 -19 -17 -42z m-304 -23 c-10 -19 -19 -34 -22 -32 -2 3 4 21 13
41 10 19 19 34 22 32 2 -3 -4 -21 -13 -41z m215 14 c0 -6 -4 -8 -9 -5 -12 8
-33 -43 -26 -65 5 -13 2 -19 -7 -17 -10 2 -13 -10 -11 -47 1 -36 -1 -43 -6
-25 l-8 25 -7 -25 c-3 -14 -10 -52 -15 -85 -5 -36 -9 -47 -10 -28 -3 87 63
304 89 288 5 -3 10 -11 10 -16z m485 -42 c25 -53 34 -89 14 -54 -6 9 -14 15
-20 12 -5 -3 -6 1 -3 9 3 9 3 24 0 33 -6 14 -9 15 -15 4 -7 -11 -12 -8 -22 10
-11 23 -11 23 6 9 16 -14 17 -13 11 8 -13 40 3 23 29 -31z m-3543 0 c17 -13
15 -62 -4 -73 -18 -12 -36 20 -31 54 6 35 10 37 35 19z m717 -58 c17 -6 31
-15 31 -20 0 -12 -13 -12 -25 0 -6 5 -30 14 -55 19 -39 9 -41 10 -14 11 17 1
45 -4 63 -10z m96 -64 c5 -28 4 -37 -3 -30 -6 6 -14 30 -17 55 -8 56 10 34 20
-25z m2759 32 c4 4 4 0 0 -10 -3 -9 -2 -17 4 -17 5 0 15 -20 21 -44 19 -78 11
-73 -24 13 -36 88 -43 112 -22 73 7 -12 16 -19 21 -15z m-4414 -9 c0 -10 -4
-18 -10 -18 -5 0 -10 -6 -10 -14 0 -8 -4 -16 -8 -18 -13 -5 -52 -78 -52 -98 0
-24 -30 -35 -47 -17 -12 12 -12 21 -1 57 7 23 19 45 26 47 6 3 12 13 12 22 0
9 7 26 15 38 20 28 75 29 75 1z m940 -87 c24 -22 42 -42 40 -45 -6 -5 -97 79
-120 109 -16 22 -7 15 80 -64z m3131 32 c-10 -17 -10 -16 -11 3 0 23 13 41 18
25 2 -6 -1 -18 -7 -28z m-154 -20 c-3 -10 -5 -4 -5 12 0 17 2 24 5 18 2 -7 2
-21 0 -30z m-80 -25 c-3 -7 -5 -2 -5 12 0 14 2 19 5 13 2 -7 2 -19 0 -25z
m819 -38 c3 -14 9 -33 14 -42 6 -11 6 -19 0 -23 -6 -4 -12 0 -14 7 -25 74 -36
110 -36 116 1 15 31 -34 36 -58z m34 2 c0 -7 -4 -10 -10 -7 -5 3 -10 16 -10
28 0 18 2 19 10 7 5 -8 10 -21 10 -28z m1156 -26 c7 -18 -26 -77 -38 -70 -12
8 -10 42 4 64 15 24 27 25 34 6z m298 -39 c-6 -17 -74 -50 -74 -37 0 5 11 12
25 16 13 3 29 12 36 20 14 18 20 18 13 1z m-2247 -54 c-3 -10 -5 -2 -5 17 0
19 2 27 5 18 2 -10 2 -26 0 -35z m-924 16 c12 -6 35 -23 50 -38 23 -21 38 -26
80 -26 49 0 81 -19 34 -21 -22 0 -24 -5 -12 -36 10 -25 -19 -23 -55 4 -22 16
-33 18 -42 10 -23 -19 -102 -42 -143 -42 -23 0 -67 -9 -98 -20 -32 -11 -62
-18 -66 -16 -4 3 -31 -1 -60 -9 -45 -12 -52 -12 -47 1 4 11 -4 14 -38 14 -51
0 -106 -25 -106 -48 0 -14 -2 -14 -9 -3 -6 9 -18 12 -36 7 -15 -4 -32 -3 -38
3 -23 18 -307 -45 -307 -69 0 -27 194 -15 310 20 36 10 131 26 211 35 80 8
161 20 180 25 38 11 119 13 143 4 9 -3 16 -12 16 -19 0 -17 -44 -45 -70 -45
-11 0 -20 -4 -20 -10 0 -5 -7 -7 -15 -4 -23 9 -65 -5 -65 -21 0 -8 -4 -15 -10
-15 -5 0 -10 7 -10 15 0 10 -10 14 -32 13 -18 0 -48 2 -65 6 -22 5 -33 4 -33
-4 0 -7 -12 -9 -34 -5 -24 5 -36 3 -42 -8 -19 -30 -52 -36 -210 -36 -88 0
-168 0 -179 0 -27 1 -75 19 -75 29 0 5 -14 13 -30 19 -17 5 -45 20 -62 32 -27
20 -28 23 -13 32 10 5 58 15 109 23 132 19 217 39 309 73 45 16 127 39 182 51
55 12 143 31 195 42 52 11 106 26 120 34 31 17 55 17 83 3z m844 -61 c8 -28 9
-47 2 -60 -16 -30 -25 -13 -27 53 -2 68 6 70 25 7z m1593 -18 c-6 -12 -9 -33
-5 -47 6 -24 9 -25 53 -19 40 5 44 4 22 -6 -55 -25 -69 -21 -91 24 -17 36 -19
48 -9 72 10 27 12 28 26 14 13 -13 14 -20 4 -38z m-640 19 c0 -12 -37 -12 -45
0 -3 5 3 11 12 13 21 5 33 0 33 -13z m-510 -10 c0 -11 -4 -18 -10 -14 -5 3 -7
12 -3 20 7 21 13 19 13 -6z m1323 6 c4 -8 2 -17 -3 -20 -6 -4 -10 3 -10 14 0
25 6 27 13 6z m-1666 -47 c-3 -8 -6 -5 -6 6 -1 11 2 17 5 13 3 -3 4 -12 1 -19z
m-3574 -65 c-5 -65 -15 -94 -29 -80 -4 3 -1 26 5 51 6 25 11 56 11 70 0 14 4
26 9 26 5 0 7 -29 4 -67z m-735 39 c2 -7 -3 -12 -12 -12 -9 0 -16 7 -16 16 0
17 22 14 28 -4z m5546 -14 c6 -4 26 -8 44 -8 17 0 32 -4 32 -10 0 -5 -10 -9
-22 -9 -13 1 -36 -4 -52 -10 -38 -15 -49 -3 -34 39 7 22 13 29 16 20 3 -8 10
-18 16 -22z m-880 -10 c-10 -16 -22 -7 -17 13 4 15 8 17 14 8 4 -7 5 -17 3
-21z m-461 -34 c-6 -16 -7 -16 -13 2 -10 26 0 52 12 31 4 -8 5 -23 1 -33z
m-2126 -71 c-3 -10 -5 -2 -5 17 0 19 2 27 5 18 2 -10 2 -26 0 -35z m-1387 -4
c0 -22 4 -30 13 -26 8 3 18 2 24 -1 19 -13 43 -71 43 -105 0 -18 4 -37 10 -43
5 -5 10 -83 12 -174 2 -130 0 -170 -12 -190 -8 -14 -13 -34 -12 -45 2 -16 1
-17 -7 -5 -5 8 -13 11 -17 7 -12 -12 -53 66 -54 101 0 17 -4 32 -9 32 -5 0 -9
15 -9 33 0 65 -13 223 -22 249 -9 30 -4 62 17 94 12 19 12 22 -2 27 -17 7 -19
30 -5 58 16 29 30 23 30 -12z m1580 1 c0 -11 -7 -20 -15 -20 -8 0 -15 9 -15
20 0 11 7 20 15 20 8 0 15 -9 15 -20z m-457 -11 c4 -16 3 -18 -9 -8 -16 13
-19 29 -5 29 5 0 11 -9 14 -21z m417 12 c0 -5 -7 -14 -15 -21 -13 -10 -15 -9
-15 9 0 12 6 21 15 21 8 0 15 -4 15 -9z m-863 -35 c15 -2 19 -16 25 -87 3 -46
9 -116 13 -155 l6 -72 -35 12 c-20 7 -39 15 -42 19 -12 12 -25 -4 -14 -17 5
-7 13 -34 16 -59 5 -38 4 -48 -10 -53 -20 -8 -21 -34 -1 -34 25 0 17 -16 -22
-46 -65 -48 -62 -61 14 -65 31 -2 46 3 69 24 45 42 47 40 48 -76 1 -34 -3 -46
-11 -42 -7 2 -13 1 -13 -3 0 -4 -14 -8 -30 -9 -16 -1 -36 -7 -42 -13 -7 -6
-26 -22 -42 -36 -18 -16 -34 -23 -45 -18 -9 4 -24 7 -33 8 -22 0 -22 2 2 36
11 15 17 30 14 33 -4 3 -1 20 5 38 12 35 6 53 -9 29 -8 -13 -10 -13 -10 1 0 9
-7 19 -15 23 -8 3 -15 12 -15 20 0 7 -7 16 -15 20 -21 8 -19 49 5 69 24 20 25
31 5 51 -9 9 -19 38 -22 66 -4 33 -11 50 -19 50 -8 0 -14 5 -14 11 0 5 -5 7
-11 3 -6 -3 -16 0 -21 7 -8 11 -11 11 -15 1 -12 -30 -117 9 -165 61 -35 39
-35 60 0 86 l27 20 -43 7 c-23 4 -45 10 -47 15 -8 12 74 65 120 77 34 10 322
8 392 -2z m661 -121 c-3 -68 -8 -97 -20 -109 -24 -24 -38 -20 -44 14 -4 18
-13 30 -23 31 -9 0 -11 3 -4 5 7 3 10 11 7 18 -3 8 2 20 10 29 9 9 16 23 16
31 0 9 10 37 22 62 18 39 23 43 31 29 5 -10 7 -59 5 -110z m-203 105 c-3 -5
-1 -10 4 -10 16 0 13 -17 -4 -24 -11 -4 -15 1 -15 19 0 14 5 25 11 25 5 0 7
-4 4 -10z m626 -57 c10 -11 10 -14 2 -9 -9 5 -13 -1 -13 -18 0 -14 -4 -26 -10
-26 -11 0 -13 30 -4 54 8 20 8 20 25 -1z m-591 -3 c0 -5 -2 -10 -4 -10 -3 0
-8 5 -11 10 -3 6 -1 10 4 10 6 0 11 -4 11 -10z m219 -153 c1 -56 5 -86 11 -82
6 4 10 -7 10 -25 0 -17 5 -40 10 -50 6 -12 6 -21 1 -25 -13 -8 -20 6 -23 48
-1 21 -4 37 -5 37 -2 0 -15 -7 -29 -16 -43 -28 -47 -7 -19 99 14 54 25 107 26
120 0 21 1 21 9 2 5 -11 9 -60 9 -108z m-234 83 c-6 -9 -9 -9 -16 1 -10 17 0
34 13 21 6 -6 7 -16 3 -22z m745 -2 c10 2 20 -10 28 -31 14 -39 16 -77 3 -77
-4 0 -7 -12 -5 -27 2 -16 1 -21 -2 -13 -4 8 -13 19 -21 23 -7 5 -11 12 -8 18
4 5 1 9 -5 9 -7 0 -14 -9 -17 -19 -7 -26 -32 -31 -60 -13 -19 12 -21 17 -11
36 6 11 11 33 10 49 -1 15 2 27 7 27 5 0 13 9 16 20 5 17 9 18 28 8 12 -7 29
-11 37 -10z m2636 -5 c-10 -10 -19 5 -10 18 6 11 8 11 12 0 2 -7 1 -15 -2 -18z
m-25 -104 c-3 -49 -2 -50 18 -40 33 18 25 -3 -9 -22 l-30 -18 2 33 c3 29 0 33
-27 39 -24 5 -25 7 -7 8 14 1 26 10 32 26 15 41 25 29 21 -26z m-2736 -49 c3
-5 1 -10 -4 -10 -6 0 -11 5 -11 10 0 6 2 10 4 10 3 0 8 -4 11 -10z m2514 -65
c0 -16 -7 -41 -15 -55 -14 -24 -15 -23 -10 30 3 30 6 64 7 75 l0 20 9 -20 c5
-11 9 -33 9 -50z m-3562 23 c-3 -8 -6 -5 -6 6 -1 11 2 17 5 13 3 -3 4 -12 1
-19z m-600 -10 c-3 -8 -6 -5 -6 6 -1 11 2 17 5 13 3 -3 4 -12 1 -19z m649 -5
c16 -21 18 -37 4 -28 -13 8 -33 45 -24 45 4 0 13 -8 20 -17z m1294 -8 c0 -14
-4 -25 -9 -25 -10 0 -21 36 -13 44 12 13 22 5 22 -19z m-1669 -6 c6 -12 9 -29
6 -40 -3 -10 0 -20 5 -21 7 -3 4 -18 -7 -41 -10 -21 -15 -40 -12 -43 3 -3 1
-19 -3 -35 -5 -17 -5 -29 1 -29 5 0 9 7 9 15 0 8 5 15 11 15 6 0 8 7 4 18 -5
14 -4 15 7 4 11 -11 10 -18 -4 -43 -16 -28 -15 -59 2 -59 14 0 22 -72 9 -84
-8 -8 -13 -8 -16 2 -7 17 -14 15 -48 -14 -22 -19 -38 -25 -62 -22 -18 2 -34 0
-35 -4 -2 -4 -17 -9 -34 -11 -22 -3 -39 4 -64 25 l-34 28 27 0 c17 0 27 -5 27
-15 0 -12 3 -13 19 -3 18 11 18 13 -5 50 -47 73 -27 175 50 257 64 69 125 90
147 50z m3776 -11 c-3 -7 -5 -2 -5 12 0 14 2 19 5 13 2 -7 2 -19 0 -25z
m-4050 -25 c-3 -10 -5 -4 -5 12 0 17 2 24 5 18 2 -7 2 -21 0 -30z m1114 27 c4
0 6 -7 3 -15 -8 -20 -74 -21 -74 -1 0 15 26 26 48 20 8 -2 18 -4 23 -4z m-153
-35 c3 -3 -15 -5 -40 -5 -25 0 -82 -5 -128 -11 -80 -11 -83 -11 -104 12 l-21
22 27 -16 c24 -15 34 -16 75 -5 26 6 58 17 71 24 18 9 33 9 69 -2 26 -8 49
-16 51 -19z m47 5 c-27 -12 -35 -12 -35 0 0 6 12 10 28 9 24 0 25 -1 7 -9z
m-398 -22 c-3 -8 -6 -5 -6 6 -1 11 2 17 5 13 3 -3 4 -12 1 -19z m778 2 c2 -4
-7 -5 -20 -2 -14 2 -25 0 -25 -6 0 -13 29 -24 42 -15 6 3 8 1 4 -5 -3 -6 3
-14 14 -17 12 -4 41 -27 65 -51 25 -24 51 -44 59 -44 14 0 33 -37 24 -46 -2
-2 -20 5 -39 17 -19 11 -42 22 -51 25 -10 4 -18 10 -18 15 0 5 -9 9 -20 9 -31
0 -72 30 -65 48 3 10 0 12 -10 8 -8 -3 -15 -1 -15 4 0 5 -13 7 -30 4 -20 -4
-34 -1 -46 10 -21 21 -13 29 30 29 24 0 36 5 39 18 3 12 12 15 31 12 14 -3 28
-9 31 -13z m-1388 -52 c-3 -7 -5 -2 -5 12 0 14 2 19 5 13 2 -7 2 -19 0 -25z
m-652 2 c-3 -5 -11 -10 -16 -10 -6 0 -7 5 -4 10 3 6 11 10 16 10 6 0 7 -4 4
-10z m-37 -28 c4 -26 -6 -28 -24 -4 -18 24 -17 34 4 30 9 -2 18 -13 20 -26z
m102 9 c0 -23 -14 -41 -31 -41 -10 0 -19 -7 -19 -15 0 -18 -31 -56 -41 -49 -4
2 -1 17 7 32 7 15 14 36 14 48 0 11 3 24 7 27 10 10 63 8 63 -2z m2367 3 c-3
-3 -12 -4 -19 -1 -8 3 -5 6 6 6 11 1 17 -2 13 -5z m-2227 -54 c0 -5 -7 -10
-16 -10 -8 0 -12 5 -9 10 3 6 10 10 16 10 5 0 9 -4 9 -10z m70 -2 c0 -4 -11
-8 -25 -8 -14 0 -25 4 -25 10 0 5 11 9 25 8 14 -1 25 -6 25 -10z m1730 -47 c0
-5 -9 -11 -20 -14 -20 -5 -26 3 -13 16 9 10 33 8 33 -2z m260 -42 c0 -5 -6 -9
-14 -9 -15 0 -28 24 -19 34 7 7 33 -13 33 -25z m2313 15 c3 -4 -1 -13 -9 -21
-17 -18 -29 -11 -21 12 7 16 19 20 30 9z m-3276 -26 c-3 -8 -6 -5 -6 6 -1 11
2 17 5 13 3 -3 4 -12 1 -19z m1023 -2 c0 -22 -19 -29 -36 -15 -12 10 -12 14
-2 20 20 13 38 10 38 -5z m2032 -11 c0 -5 -5 -11 -11 -13 -6 -2 -11 4 -11 13
0 9 5 15 11 13 6 -2 11 -8 11 -13z m-4156 -25 c22 0 17 -16 -6 -17 -15 -1 -20
4 -19 20 0 12 3 16 6 10 2 -7 11 -13 19 -13z m364 -10 c14 -11 34 -20 45 -20
19 -1 19 -1 2 -15 -17 -12 -17 -17 -6 -49 13 -36 5 -62 -11 -36 -12 20 -22 8
-25 -32 -2 -25 -11 -38 -38 -55 -40 -25 -51 -42 -61 -92 -3 -19 -15 -40 -26
-48 -11 -8 -20 -20 -20 -27 0 -20 -37 -49 -55 -42 -29 11 -134 -62 -120 -84 3
-6 0 -19 -8 -30 -12 -18 -15 -18 -43 -4 l-29 15 31 -33 c27 -28 30 -37 23 -63
-5 -16 -17 -36 -28 -42 -19 -12 -23 -7 -57 62 -33 67 -38 85 -42 174 -4 91 -2
107 24 182 22 60 41 94 74 129 45 48 128 100 159 100 10 0 21 4 27 9 9 9 53
16 124 19 21 1 45 -6 60 -18z m4345 -19 c-3 -12 -13 -21 -21 -21 -12 0 -12 4
3 24 21 28 28 26 18 -3z m-1217 -23 c-2 -6 -14 -18 -26 -26 -19 -13 -22 -12
-28 3 -4 10 -1 21 7 26 20 13 51 11 47 -3z m56 -3 c-6 -16 -34 -21 -34 -7 0
13 11 22 26 22 8 0 11 -6 8 -15z m273 -20 c21 -18 24 -24 11 -25 -9 0 -23 -3
-31 -6 -17 -6 -42 30 -32 46 10 15 22 12 52 -15z m207 -4 c3 -5 -1 -14 -9 -21
-13 -10 -15 -9 -15 9 0 21 14 28 24 12z m-2064 -56 c0 -19 48 -9 91 19 55 37
58 32 11 -16 -23 -23 -42 -48 -42 -55 0 -7 -5 -13 -11 -13 -7 0 -8 -11 -4 -30
5 -23 3 -30 -9 -30 -8 0 -18 5 -22 11 -3 6 -15 9 -25 6 -10 -3 -21 0 -24 7 -3
6 -3 -1 -1 -16 4 -35 -19 -59 -29 -30 -3 11 -5 24 -4 28 1 5 0 16 -4 24 -23
62 -27 84 -15 92 10 6 10 10 -2 17 -16 11 -9 15 35 24 22 4 55 -19 55 -38z
m2110 25 c0 -11 -7 -20 -15 -20 -17 0 -18 2 -9 24 9 23 24 20 24 -4z m-4294
-48 c16 -75 26 -94 45 -89 23 6 25 -12 4 -39 -19 -25 -19 -44 1 -44 10 0 14
-6 11 -15 -4 -8 -2 -17 3 -20 16 -10 11 -22 -15 -39 -24 -16 -26 -16 -35 9 -6
16 -18 25 -32 26 -30 2 -29 2 -53 -7 -14 -4 -10 3 14 25 30 29 32 34 18 49
-20 23 -59 136 -52 153 8 21 47 37 67 27 10 -5 20 -21 24 -36z m4244 14 c0 -3
-4 -8 -10 -11 -5 -3 -10 -1 -10 4 0 6 5 11 10 11 6 0 10 -2 10 -4z m-379 -48
l34 -3 -47 -22 c-26 -12 -49 -30 -53 -42 -8 -27 -25 -27 -25 -1 0 11 -6 20
-13 20 -21 0 -8 58 17 76 19 13 22 13 37 -5 9 -11 31 -21 50 -23z m2140 -3
c23 -2 46 -22 36 -32 -4 -3 -14 2 -23 13 -14 18 -15 18 -4 -4 10 -20 8 -26 -9
-41 -12 -10 -21 -23 -21 -28 0 -11 -62 -59 -72 -55 -5 1 -8 -2 -8 -7 0 -4 -12
-7 -27 -4 -26 3 -27 3 -5 -6 12 -6 22 -15 22 -21 0 -6 -5 -8 -10 -5 -6 3 -22
-8 -37 -25 -20 -24 -28 -28 -34 -18 -5 7 -9 18 -9 23 0 6 5 3 10 -5 5 -8 10
-10 10 -5 0 6 -5 17 -10 25 -5 8 -10 10 -10 4 0 -7 -7 -15 -16 -18 -8 -3 -12
-2 -9 4 9 15 -6 12 -25 -5 -17 -15 -50 -11 -50 6 0 4 -6 6 -13 3 -7 -2 -41 6
-76 19 -66 25 -65 37 2 37 30 0 112 22 148 40 9 5 38 11 65 15 49 7 94 37 94
62 0 7 8 22 17 33 13 15 20 17 31 8 7 -7 22 -12 33 -13z m-5031 -14 c0 -9 -6
-23 -12 -30 -11 -11 -8 -13 15 -9 15 3 27 2 27 -1 -1 -14 -81 -72 -91 -66 -15
10 -1 107 18 122 19 15 43 6 43 -16z m3243 -19 c35 -37 57 -82 39 -82 -5 0
-15 6 -21 14 -7 8 -21 12 -32 9 -17 -5 -12 -10 25 -27 25 -11 46 -24 46 -27 0
-12 -38 -49 -50 -49 -7 0 -27 -16 -45 -34 -35 -38 -75 -45 -75 -14 0 10 6 21
14 24 10 4 12 16 9 42 -4 31 0 42 22 65 29 29 23 36 -9 12 -25 -19 -66 -19
-66 -1 0 8 7 16 15 20 8 3 15 17 15 30 0 31 35 65 59 59 10 -3 34 -21 54 -41z
m-1743 17 c0 -6 -4 -7 -10 -4 -5 3 -10 11 -10 16 0 6 5 7 10 4 6 -3 10 -11 10
-16z m85 1 c3 -6 -1 -7 -9 -4 -18 7 -21 14 -7 14 6 0 13 -4 16 -10z m-253 -52
c-7 -7 -12 -8 -12 -2 0 14 12 26 19 19 2 -3 -1 -11 -7 -17z m-32 -13 c0 -8 -4
-15 -10 -15 -5 0 -10 7 -10 15 0 8 5 15 10 15 6 0 10 -7 10 -15z m1600 -15 c0
-5 -5 -10 -12 -10 -6 0 -8 -3 -5 -7 8 -7 -23 -32 -40 -33 -7 0 -13 5 -13 11 0
5 4 7 10 4 5 -3 12 6 16 20 6 24 44 37 44 15z m-2035 -10 c-3 -5 -13 -10 -21
-10 -8 0 -12 5 -9 10 3 6 13 10 21 10 8 0 12 -4 9 -10z m2479 -45 c-6 -16 -34
-21 -34 -7 0 13 11 22 26 22 8 0 11 -6 8 -15z m950 -43 c-3 -9 -1 -28 4 -42
l9 -25 20 32 c11 18 22 30 26 27 3 -3 21 2 41 11 33 16 37 16 52 1 9 -9 24
-14 34 -11 29 9 42 -17 25 -49 -18 -35 -18 -36 0 -36 8 0 15 7 15 15 0 27 19
16 22 -12 3 -24 8 -29 43 -33 31 -4 40 -9 40 -24 0 -10 9 -22 20 -26 18 -7 18
-9 -7 -19 -29 -11 -38 -31 -15 -31 19 0 77 -30 77 -39 0 -4 -9 -16 -20 -26
-19 -17 -22 -17 -62 -2 -28 11 -45 14 -52 7 -7 -7 -3 -10 12 -10 29 0 24 -23
-8 -33 -14 -5 -93 -11 -175 -14 -164 -6 -289 6 -396 38 -63 18 -66 20 -65 49
1 17 6 30 14 30 7 0 10 5 6 12 -5 8 0 9 14 6 14 -4 22 -2 22 7 0 7 6 16 13 18
7 3 4 6 -6 6 -21 1 -13 21 9 21 8 0 14 -8 14 -17 0 -14 3 -13 23 5 13 12 29
22 35 22 7 0 12 7 12 15 0 9 7 18 15 21 8 4 12 11 8 17 -3 5 -1 7 4 4 13 -8
98 29 137 61 20 15 24 22 12 22 -9 0 -16 5 -16 10 0 6 11 10 24 10 18 0 23 -4
20 -18z m-3445 -6 c6 -8 25 -19 42 -26 20 -9 27 -16 20 -23 -7 -7 -19 -4 -37
9 -14 10 -38 27 -53 36 -24 17 -25 18 -5 18 12 0 27 -6 33 -14z m3829 -16 l63
-29 -21 -21 c-25 -25 -25 -39 -2 -56 16 -13 16 -14 -2 -8 -10 4 -21 2 -26 -5
-9 -15 -55 24 -76 65 -13 24 -12 25 9 20 15 -4 14 -2 -6 7 -15 7 -24 16 -21
20 4 4 3 7 -3 7 -6 0 -13 7 -17 15 -9 24 32 18 102 -15z m-6168 8 c0 -4 -6 -8
-14 -8 -8 0 -17 -8 -21 -17 -6 -17 -7 -17 -19 -1 -6 9 -28 21 -47 26 -30 9
-26 10 34 9 37 -1 67 -5 67 -9z m1174 0 c12 -38 15 -68 8 -68 -10 0 -32 45
-32 65 0 18 19 20 24 3z m546 -3 c19 -2 57 -9 84 -15 26 -6 56 -8 66 -5 10 3
21 1 25 -5 3 -6 10 -8 15 -5 5 3 11 1 15 -5 8 -14 35 -13 35 1 0 6 -7 8 -16 5
-8 -3 -12 -2 -9 4 3 6 1 10 -4 10 -6 0 -11 5 -11 10 0 13 21 9 38 -7 7 -7 28
-13 45 -13 l32 -1 -35 -15 c-35 -16 -106 -20 -170 -9 -19 3 -80 12 -135 20
-121 17 -151 25 -134 35 11 7 76 5 159 -5z m375 5 c3 -5 -3 -10 -14 -10 -12 0
-21 5 -21 10 0 6 6 10 14 10 8 0 18 -4 21 -10z m173 -7 c2 -9 -7 -13 -27 -13
-31 0 -42 14 -18 23 19 8 40 3 45 -10z m1636 -35 c-8 -22 -13 -47 -12 -54 2
-7 -1 -13 -7 -14 -5 0 -11 11 -13 25 -4 27 -20 32 -41 13 -22 -22 -42 17 -32
60 1 2 15 -5 32 -15 l31 -18 21 27 c28 38 39 26 21 -24z m-3554 32 c0 -5 -4
-10 -10 -10 -5 0 -10 5 -10 10 0 6 5 10 10 10 6 0 10 -4 10 -10z m3800 -12
c19 -8 41 -22 48 -31 12 -14 11 -19 -6 -37 -18 -19 -23 -20 -67 -9 -50 13 -85
42 -85 70 0 30 47 33 110 7z m2640 12 c0 -5 -5 -10 -11 -10 -5 0 -7 5 -4 10 3
6 8 10 11 10 2 0 4 -4 4 -10z m-6345 -32 c-33 -25 -32 -40 1 -28 33 13 64 13
64 -1 0 -5 -5 -7 -10 -4 -10 6 -17 -1 -72 -68 l-23 -28 -1 75 c-1 69 0 75 20
78 39 7 47 -3 21 -24z m802 10 c-3 -8 -6 -5 -6 6 -1 11 2 17 5 13 3 -3 4 -12
1 -19z m-125 -13 c7 -9 18 -22 25 -29 10 -11 7 -13 -15 -12 -34 2 -72 25 -54
32 6 3 10 10 6 15 -9 15 24 10 38 -6z m919 -8 c-6 -8 -8 -17 -4 -20 3 -4 -1
-7 -10 -7 -22 0 -22 16 1 29 23 14 26 13 13 -2z m-964 -44 c9 -24 43 -54 54
-47 5 3 9 0 9 -5 0 -16 -11 -14 -48 9 -18 11 -36 20 -40 20 -4 0 1 -5 11 -11
23 -14 22 -29 -4 -29 -11 0 -17 5 -14 10 3 6 2 10 -3 10 -16 0 -23 31 -11 46
16 19 38 17 46 -3z m3738 -3 c-10 -11 -21 -18 -23 -15 -3 3 3 12 14 20 27 20
30 18 9 -5z m-3088 -6 c2 -7 -6 -12 -19 -12 -13 -1 -37 -4 -54 -7 -39 -8 -56
11 -22 25 30 12 90 8 95 -6z m618 6 c3 -5 1 -10 -4 -10 -6 0 -11 5 -11 10 0 6
2 10 4 10 3 0 8 -4 11 -10z m-530 -20 c7 -12 -12 -12 -40 0 -18 8 -17 9 7 9
15 1 30 -3 33 -9z m220 -50 c17 -7 17 -9 3 -9 -31 -2 -19 -19 32 -48 28 -15
48 -33 46 -40 -3 -8 1 -10 12 -6 15 6 15 5 3 -10 -17 -21 -59 -22 -85 -2 -26
20 -33 19 -41 -4 -3 -10 -17 -22 -31 -25 -26 -7 -26 -7 15 -36 39 -29 50 -41
34 -39 -26 4 -47 -4 -71 -28 -24 -24 -112 -63 -187 -83 -62 -17 -95 -32 -95
-46 0 -8 -3 -13 -7 -12 -13 3 -117 -54 -130 -71 -7 -9 -13 -24 -13 -33 0 -10
-24 -28 -63 -47 -53 -26 -68 -29 -95 -22 -27 8 -81 55 -82 71 0 3 33 4 72 3
59 -2 68 -1 48 8 -14 6 -43 19 -65 30 -43 20 -106 22 -140 5 -23 -13 -27 -38
-6 -47 10 -4 7 -12 -12 -35 l-26 -29 -1 31 c0 17 -3 46 -7 64 -5 28 -4 32 10
27 10 -4 17 -5 17 -3 0 11 -13 36 -19 36 -5 0 -40 -59 -46 -76 0 -1 -9 -4 -21
-8 -19 -6 -21 -3 -20 41 1 39 -2 48 -15 45 -23 -3 -33 27 -12 35 9 4 19 1 21
-5 2 -7 13 -12 23 -12 13 0 18 -4 13 -11 -8 -13 13 -10 86 14 39 13 52 13 85
1 38 -13 41 -12 67 13 21 20 28 36 28 63 0 42 37 83 133 145 31 20 57 41 57
46 0 5 12 9 28 9 21 0 24 2 12 10 -13 8 -12 10 4 10 12 0 16 -5 12 -16 -3 -9
-6 -28 -6 -43 0 -21 -16 -44 -67 -94 -72 -71 -73 -81 -13 -92 32 -6 36 -4 46
23 16 42 65 65 144 67 36 1 67 4 69 6 3 2 2 15 -2 28 -4 16 -11 22 -21 18 -9
-4 -16 -2 -16 4 0 6 -4 8 -9 5 -5 -3 -11 3 -14 14 -3 13 3 24 19 35 40 26 81
29 130 10 50 -19 49 -19 58 13 7 22 -9 32 -16 10 -3 -7 -7 -2 -10 10 -4 12 -2
20 3 16 5 -3 13 6 19 20 9 25 53 55 80 55 8 0 24 -4 35 -9z m-975 -20 c0 -5
-4 -10 -10 -10 -5 0 -10 5 -10 10 0 6 5 10 10 10 6 0 10 -4 10 -10z m3861 -26
c6 -8 19 -14 28 -14 13 0 14 -2 2 -9 -8 -5 -21 -7 -29 -4 -11 5 -11 0 2 -26
16 -31 43 -34 32 -4 -4 10 0 13 11 11 20 -4 35 -52 27 -85 -7 -27 -5 -27 -49
-6 -21 10 -35 24 -35 35 0 11 -7 18 -18 18 -26 0 -72 47 -72 75 0 28 15 34 24
10 3 -8 10 -15 16 -15 6 0 8 5 5 10 -18 29 32 32 56 4z m-181 -20 c0 13 50
-43 50 -56 0 -7 7 -21 15 -31 7 -11 11 -25 9 -32 -3 -6 4 -28 16 -47 18 -31
18 -37 6 -47 -12 -10 -20 -9 -41 5 -26 17 -28 17 -39 -2 -6 -10 -13 -32 -16
-49 -4 -22 -10 -29 -23 -27 -9 2 -17 -2 -17 -9 0 -8 -4 -8 -15 1 -10 8 -30 10
-60 6 -25 -4 -45 -5 -45 -2 0 2 24 16 53 30 50 24 123 97 110 110 -3 3 -19
-10 -36 -29 -16 -19 -34 -32 -40 -28 -5 3 -7 1 -4 -5 7 -10 -71 -62 -92 -62
-14 0 -14 35 -1 61 6 11 49 44 95 75 55 35 85 61 85 73 0 28 -10 31 -41 16
-36 -19 -48 -19 -23 0 16 13 17 16 4 25 -13 8 -13 10 3 10 9 0 17 7 17 16 0
14 3 14 15 4 8 -7 15 -9 15 -6z m430 0 c0 -8 -4 -12 -10 -9 -5 3 -10 10 -10
16 0 5 5 9 10 9 6 0 10 -7 10 -16z m1037 -26 c-3 -7 -5 -2 -5 12 0 14 2 19 5
13 2 -7 2 -19 0 -25z m-2227 7 c119 -18 201 -26 255 -26 23 0 48 -7 59 -17 18
-16 19 -16 13 1 -4 11 -1 17 8 17 8 0 15 -4 15 -10 0 -5 7 -7 15 -4 25 10 17
-4 -12 -21 -28 -15 -27 -15 19 -9 59 8 145 -20 154 -49 5 -16 8 -17 15 -6 6 9
9 -4 9 -36 -1 -28 -7 -58 -15 -69 -14 -18 -15 -16 -16 30 -1 27 -3 41 -6 32
-5 -22 -12 -22 -33 -3 -16 15 -166 46 -175 37 -3 -3 3 -11 12 -18 15 -11 16
-15 4 -38 -16 -30 -37 -33 -62 -10 -17 15 -20 15 -47 -5 -16 -11 -40 -25 -53
-30 -13 -5 -55 -33 -94 -63 -38 -30 -85 -63 -102 -73 -18 -11 -33 -25 -33 -33
0 -7 -4 -10 -10 -7 -20 13 -10 57 20 85 17 15 30 37 30 49 0 11 10 26 23 32
20 11 21 11 8 -5 -29 -35 -3 -23 56 27 l62 52 -98 10 c-103 10 -130 24 -125
60 2 11 -7 30 -18 43 -27 28 -31 52 -10 53 10 1 7 4 -8 9 -24 8 -23 8 8 9 17
1 77 -6 132 -14z m1399 -21 c14 -12 -19 -1 -35 12 -18 14 -18 14 6 3 14 -6 27
-13 29 -15z m-4666 -28 c5 -13 -11 -24 -58 -42 -11 -4 -49 -8 -85 -9 -36 -1
-75 -7 -88 -14 -18 -10 -22 -9 -22 2 0 26 29 39 89 41 33 0 59 5 58 10 -4 21
98 32 106 12z m5747 -16 c0 -5 -5 -10 -11 -10 -5 0 -7 5 -4 10 3 6 8 10 11 10
2 0 4 -4 4 -10z m-6090 -30 c-16 -11 -40 -13 -40 -5 0 8 44 24 50 18 2 -2 -2
-8 -10 -13z m4854 -21 c6 -34 4 -37 -21 -44 -16 -4 -22 -10 -15 -12 14 -5 17
-43 3 -43 -25 0 -61 21 -72 42 -9 19 -9 21 2 11 7 -7 18 -13 24 -13 5 1 0 9
-11 18 -22 18 -22 18 23 32 29 8 47 20 51 32 6 24 8 21 16 -23z m-331 24 c-7
-2 -19 -2 -25 0 -7 3 -2 5 12 5 14 0 19 -2 13 -5z m-1339 -48 c34 4 81 7 106
6 48 -2 136 -27 145 -41 3 -5 -20 -26 -52 -47 -32 -21 -60 -41 -63 -44 -7 -8
-47 -29 -55 -29 -7 0 -1 32 11 63 4 12 -2 13 -38 5 -24 -5 -64 -11 -89 -15
-46 -5 -47 -5 -60 31 -7 20 -20 36 -29 37 -10 0 -11 2 -2 6 6 2 9 9 6 14 -3 6
2 19 12 30 17 19 17 19 32 -2 14 -20 20 -21 76 -14z m-2453 -16 c12 -6 17 -15
12 -22 -4 -7 -7 -21 -8 -32 0 -19 -48 -51 -107 -70 l-23 -8 23 -4 c12 -2 20
-9 17 -14 -4 -5 -1 -9 4 -9 6 0 11 -4 11 -8 0 -4 -27 -8 -61 -9 -48 -1 -59 2
-55 13 3 8 1 14 -5 14 -63 0 94 158 159 160 7 0 22 -5 33 -11z m-349 -31 c14
1 15 -3 7 -16 -8 -13 -22 -16 -60 -14 -27 2 -49 5 -49 7 0 2 3 11 6 20 6 14
14 16 43 10 20 -4 44 -7 53 -7z m158 8 c0 -2 -7 -7 -16 -10 -8 -3 -12 -2 -9 4
6 10 25 14 25 6z m314 -2 c24 -9 19 -31 -10 -51 -26 -17 -27 -16 -51 12 -24
27 -24 29 -7 36 24 10 48 11 68 3z m3876 -19 c0 -13 8 -29 18 -34 23 -14 6
-14 -19 -1 -10 6 -19 20 -19 31 0 13 -4 18 -12 13 -7 -4 -8 -3 -4 4 13 21 36
13 36 -13z m-4571 5 c5 0 6 -11 3 -25 -3 -19 -7 -23 -17 -15 -16 13 -30 -4
-21 -26 3 -9 1 -12 -4 -9 -6 3 -10 2 -10 -3 0 -6 7 -12 15 -16 30 -11 14 -25
-22 -19 -54 8 -73 20 -66 41 9 24 25 33 40 20 10 -8 17 -2 28 27 11 26 21 35
31 31 9 -3 19 -6 23 -6z m-256 -32 c-10 -12 -19 -15 -21 -8 -7 20 7 40 23 34
14 -6 14 -9 -2 -26z m4957 12 c0 -5 -5 -10 -11 -10 -5 0 -7 5 -4 10 3 6 8 10
11 10 2 0 4 -4 4 -10z m-210 -10 c0 -5 -10 -10 -22 -11 l-23 0 23 -9 c33 -14
27 -19 -12 -10 -23 5 -43 3 -60 -5 -14 -8 -28 -10 -31 -5 -8 13 -36 0 -62 -28
-17 -19 -23 -21 -23 -9 0 23 47 56 89 62 20 3 47 10 61 14 35 12 60 13 60 1z
m-4694 -39 c-9 -13 -66 -15 -66 -2 0 5 9 13 20 16 11 3 20 12 20 18 0 7 7 5
16 -5 9 -9 13 -21 10 -27z m334 19 c0 -5 -5 -10 -11 -10 -5 0 -7 5 -4 10 3 6
8 10 11 10 2 0 4 -4 4 -10z m4476 -52 l-16 -22 0 22 c0 28 23 58 28 36 2 -7
-4 -24 -12 -36z m88 43 c4 -5 0 -12 -6 -14 -7 -3 3 -6 22 -6 27 -1 38 -7 46
-25 11 -23 10 -25 -28 -31 -32 -6 -38 -10 -33 -25 4 -13 -2 -24 -20 -36 -14
-9 -28 -28 -31 -41 -5 -19 -9 -22 -16 -11 -7 9 -8 4 -4 -14 4 -16 3 -28 -2
-28 -22 0 -19 102 3 136 10 16 19 42 18 59 0 30 11 45 34 45 6 0 14 -4 17 -9z
m-3263 -20 c-13 -10 -32 -16 -41 -14 -10 3 -38 -5 -63 -16 -60 -27 -73 -26
-22 1 36 20 115 46 140 47 6 0 -1 -8 -14 -18z m1362 2 c2 -10 4 -47 3 -83 -2
-36 1 -70 6 -76 12 -16 0 -42 -22 -49 -10 -3 -23 -19 -30 -35 -7 -17 -19 -30
-26 -30 -22 0 -16 47 8 70 19 17 21 24 10 40 -15 25 -15 45 1 58 7 6 12 31 11
59 0 26 1 51 3 56 8 14 32 7 36 -10z m-2643 3 c0 -9 -30 -14 -35 -6 -4 6 3 10
14 10 12 0 21 -2 21 -4z m6270 -7 c10 -7 11 -12 4 -15 -6 -3 -28 -13 -48 -23
-42 -22 -47 -11 -11 24 27 28 33 29 55 14z m-3395 -9 l20 -9 -20 0 c-11 0 -29
4 -40 9 l-20 9 20 0 c11 0 29 -4 40 -9z m-3265 -31 c0 -5 -7 -9 -15 -9 -9 0
-12 6 -9 15 6 15 24 11 24 -6z m4124 -10 c-5 -43 -13 -52 -42 -46 -14 3 -38 1
-53 -3 -16 -5 -29 -5 -29 -1 0 14 24 30 55 35 17 3 36 15 44 26 19 29 29 25
25 -11z m556 6 c17 -9 28 -20 24 -26 -3 -6 4 -21 15 -33 12 -13 23 -34 23 -47
1 -13 8 -32 16 -42 14 -15 14 -21 1 -48 -13 -27 -16 -29 -34 -15 -16 12 -18
17 -7 27 19 20 14 36 -13 41 -34 7 -48 -18 -28 -49 10 -15 11 -23 4 -23 -6 0
-25 -16 -42 -35 -38 -43 -74 -47 -91 -10 -6 14 -15 25 -20 25 -5 0 -6 5 -3 10
3 6 -6 15 -20 20 -21 8 -32 6 -50 -8 -14 -9 -25 -23 -25 -29 0 -17 8 -16 26 2
23 23 53 20 47 -5 -4 -14 0 -20 11 -20 18 0 20 -8 6 -30 -8 -12 -11 -13 -19
-1 -6 9 -11 10 -15 2 -11 -18 -26 -13 -26 9 0 12 7 20 18 20 14 0 14 2 3 9
-11 7 -22 1 -43 -22 -15 -18 -28 -36 -28 -40 0 -5 -5 -5 -10 -2 -6 4 -18 1
-27 -7 -9 -7 -4 7 11 31 15 24 22 40 16 36 -6 -4 -18 1 -26 11 -9 11 -13 14
-10 8 3 -6 -4 -20 -14 -32 -11 -12 -20 -28 -20 -37 0 -8 -6 -15 -13 -15 -14 0
-67 54 -79 80 -5 12 -7 12 -7 -3 -1 -25 -25 -16 -29 10 -2 14 7 27 32 41 29
17 36 28 36 51 0 31 14 49 25 31 8 -13 -4 -90 -13 -89 -4 1 -14 1 -22 0 -13
-1 -13 -3 -1 -10 8 -5 20 -7 27 -4 6 2 15 0 19 -6 12 -20 43 -12 47 11 2 14
11 24 23 26 11 2 32 17 46 34 22 26 35 32 73 34 33 2 57 -3 79 -17 31 -19 32
-19 7 -20 -22 0 -23 -1 -5 -8 21 -8 55 -3 55 8 0 3 -9 12 -20 19 -11 7 -20 17
-20 23 0 6 -7 17 -15 25 -8 9 -15 24 -15 34 0 10 7 25 15 34 8 8 15 18 15 23
0 15 59 14 90 -2z m2000 5 c0 -5 -4 -10 -9 -10 -5 0 -18 -3 -28 -7 -16 -6 -16
-5 -4 10 15 19 41 23 41 7z m-6600 -50 c-7 -16 -9 -34 -5 -39 3 -6 1 -11 -5
-11 -12 0 -5 72 8 95 12 19 14 -17 2 -45z m3256 24 c4 -14 2 -30 -5 -37 -6 -6
-11 -21 -11 -34 0 -13 -8 -27 -17 -30 -10 -4 -35 -24 -56 -46 -38 -39 -59 -44
-65 -14 -2 12 3 17 17 17 24 0 28 18 6 27 -26 10 -105 -26 -105 -48 0 -12 7
-19 19 -19 10 0 21 -6 24 -14 4 -9 31 -15 91 -18 54 -3 91 -9 99 -18 6 -7 7
-10 1 -7 -17 10 -76 -10 -114 -38 -19 -14 -47 -25 -65 -25 -17 0 -37 -6 -43
-12 -7 -7 -16 -13 -20 -14 -4 0 -15 -4 -24 -8 -73 -33 -97 66 -24 101 32 15
46 37 46 72 0 8 -6 11 -15 7 -11 -4 -15 1 -15 18 0 21 6 24 51 30 69 9 159 44
166 64 3 10 13 25 21 35 8 9 12 17 8 17 -4 0 -4 5 -1 10 11 18 24 11 31 -16z
m947 6 c5 -21 -16 -45 -33 -35 -5 3 -10 2 -10 -4 0 -5 6 -12 13 -14 7 -3 5 -6
-5 -6 -10 -1 -22 8 -28 19 -8 16 -17 19 -38 14 -40 -10 -21 5 34 26 63 23 61
23 67 0z m-3942 -3 c-13 -17 -5 -27 22 -27 11 0 16 -5 13 -12 -3 -7 -9 -21
-12 -30 -9 -25 -38 -23 -31 1 3 11 -2 29 -10 41 -13 19 -13 24 -2 31 21 13 33
11 20 -4z m3083 -18 c-10 -11 -19 -17 -22 -14 -3 3 -11 0 -19 -6 -10 -9 -13
-7 -13 10 0 23 34 42 58 33 10 -3 9 -9 -4 -23z m-494 -14 c19 -23 7 -39 -33
-41 -40 -2 -46 9 -20 38 20 22 36 23 53 3z m-200 -5 c-19 -13 -30 -13 -30 0 0
6 10 10 23 10 18 0 19 -2 7 -10z m-2004 -21 c5 -8 -1 -10 -20 -7 -19 4 -26 2
-22 -7 3 -8 -4 -10 -21 -7 l-24 5 23 12 c30 17 55 18 64 4z m244 -1 c0 -15
-18 -44 -22 -38 -2 3 -12 15 -22 28 l-19 22 31 0 c19 0 32 -5 32 -12z m2871
-27 c-7 -48 -61 -100 -80 -77 -15 18 -4 66 15 66 7 0 21 11 30 25 25 38 41 32
35 -14z m-1216 19 c3 -5 -1 -10 -10 -10 -9 0 -13 5 -10 10 3 6 8 10 10 10 2 0
7 -4 10 -10z m1505 -10 c0 -5 -5 -10 -11 -10 -5 0 -7 5 -4 10 3 6 8 10 11 10
2 0 4 -4 4 -10z m-3350 -10 c0 -5 -7 -10 -15 -10 -8 0 -15 -9 -15 -19 0 -10
-7 -21 -15 -25 -22 -8 -18 8 10 38 26 28 35 32 35 16z m2115 -28 c11 -2 25
-10 31 -18 8 -10 14 -11 17 -4 4 7 5 7 4 -1 -2 -6 -7 -11 -12 -11 -6 0 -17 -4
-26 -9 -21 -11 -49 19 -48 52 0 17 2 19 7 9 4 -8 16 -16 27 -18z m775 9 c34
10 80 11 80 1 0 -4 -45 -25 -100 -46 -75 -29 -97 -42 -90 -51 14 -17 3 -40
-25 -59 -34 -23 -40 -20 -20 10 12 19 14 29 6 37 -25 25 -11 45 50 71 55 24
60 28 48 44 -13 16 -12 16 6 1 14 -11 28 -14 45 -8z m1254 -15 c-7 -18 16 -32
26 -16 5 8 10 9 14 1 9 -14 -29 -88 -46 -88 -9 0 -13 16 -12 51 1 69 2 78 14
71 5 -3 7 -12 4 -19z m-4344 0 c0 -17 -24 -38 -33 -29 -15 15 -6 43 13 43 11
0 20 -6 20 -14z m100 -16 c0 -6 -6 -10 -12 -10 -22 0 -41 17 -34 29 8 13 46
-3 46 -19z m-550 -5 c0 -7 -9 -20 -20 -30 -18 -16 -20 -16 -26 -1 -3 9 -1 22
5 29 13 17 41 18 41 2z m1170 -22 c0 -7 -6 -16 -14 -19 -8 -3 -12 -12 -9 -20
7 -20 -4 -17 -29 6 -24 22 -48 14 -74 -25 -12 -18 -25 -25 -50 -25 -23 0 -44
-9 -67 -29 -30 -27 -33 -35 -32 -83 0 -29 -6 -59 -12 -66 -7 -7 -17 -20 -21
-29 -5 -9 -14 -13 -21 -9 -16 11 -13 64 6 97 15 25 15 31 3 54 -11 21 -12 30
-2 45 7 11 12 27 12 35 0 14 12 20 34 16 5 -1 38 12 73 30 75 37 172 61 191
46 6 -5 12 -16 12 -24z m-665 7 c11 -13 15 -25 10 -37 -8 -17 -8 -17 -12 0 -5
20 -8 20 -34 7 -20 -11 -22 -8 -13 28 8 27 25 28 49 2z m69 -5 c-4 -11 1 -15
17 -15 l24 -1 -24 -19 c-27 -23 -41 -18 -41 15 0 20 5 26 27 34 1 1 0 -6 -3
-14z m-849 -15 c8 -13 -5 -13 -25 0 -13 8 -13 10 2 10 9 0 20 -4 23 -10z m933
-40 c-13 -21 -37 -34 -46 -25 -8 8 29 45 45 45 11 0 11 -4 1 -20z m4042 11 c0
-13 -37 -24 -52 -15 -8 5 -6 10 8 15 27 11 44 11 44 0z m-4642 -8 c18 -4 20
-8 10 -14 -7 -5 -23 -9 -35 -9 -13 0 -23 -4 -23 -10 0 -5 -6 -10 -13 -10 -8 0
-19 -12 -26 -26 -10 -23 -9 -30 9 -49 l21 -23 -25 -27 c-14 -15 -26 -40 -26
-54 0 -54 -11 -71 -42 -71 -21 0 -31 -6 -35 -20 -7 -26 -18 -26 -20 0 -1 11
10 28 28 40 31 23 38 40 16 40 -21 0 -19 58 1 70 10 5 12 10 5 10 -22 0 -14
38 12 58 14 11 25 24 25 30 0 5 12 24 27 41 27 31 47 36 91 24z m652 -3 c23
-12 16 -40 -10 -40 -13 0 -17 7 -16 25 1 29 1 28 26 15z m-110 -10 c0 -5 -5
-10 -11 -10 -5 0 -7 5 -4 10 3 6 8 10 11 10 2 0 4 -4 4 -10z m4800 -8 c8 -3
20 -6 25 -7 22 -1 13 -20 -13 -27 -20 -6 -30 -3 -39 9 -12 15 -13 15 -13 -3
-1 -16 -2 -17 -13 -4 -16 20 -37 23 -37 6 0 -8 12 -17 26 -20 15 -4 24 -10 21
-13 -9 -8 -67 17 -67 29 0 5 5 18 10 28 8 15 18 18 48 14 20 -3 44 -8 52 -12z
m-5285 -1 c3 -5 1 -12 -5 -16 -5 -3 -10 1 -10 9 0 18 6 21 15 7z m-215 -25 c0
-7 -9 -21 -20 -31 -19 -17 -20 -17 -29 6 -4 13 -5 26 0 29 17 11 49 8 49 -4z
m2570 5 c0 -5 -15 -22 -34 -39 -19 -17 -32 -33 -29 -36 4 -3 -2 -7 -13 -7 -44
-3 -49 -5 -45 -19 12 -46 11 -57 -7 -78 -21 -24 -36 -16 -26 15 4 13 2 12 -8
-4 -7 -12 -16 -22 -20 -22 -5 -1 -17 -10 -28 -21 -11 -11 -27 -20 -35 -20 -8
0 -15 -5 -15 -12 0 -9 -3 -9 -12 1 -11 10 -8 16 12 32 14 10 35 22 47 25 13 3
20 10 17 15 -3 5 -13 5 -23 0 -23 -13 -50 -8 -62 10 -13 20 -11 63 3 77 17 17
58 15 65 -4 5 -15 7 -15 15 0 5 9 20 16 34 16 14 0 53 18 87 40 64 41 77 46
77 31z m2810 -21 c0 -5 -10 -10 -22 -9 -22 0 -22 1 -3 9 11 5 21 9 23 9 1 1 2
-3 2 -9z m-5455 -20 c-10 -11 -22 -20 -28 -20 -5 0 1 9 14 20 31 25 37 25 14
0z m5192 14 c-3 -3 -12 -4 -19 -1 -8 3 -5 6 6 6 11 1 17 -2 13 -5z m-3984 -24
c-3 -11 -9 -20 -14 -20 -10 0 -12 24 -2 33 13 13 21 7 16 -13z m3063 5 c12 -8
24 -12 27 -9 3 3 8 0 13 -7 4 -8 3 -10 -4 -5 -7 4 -12 3 -12 -2 0 -15 -70 -82
-86 -82 -7 0 -17 7 -22 16 -7 13 -15 14 -55 3 -26 -6 -50 -15 -53 -20 -3 -5
-16 -9 -29 -9 -55 0 -36 85 26 117 34 18 169 17 195 -2z m868 -9 c-3 -8 -16
-17 -30 -20 -13 -4 -24 -13 -24 -22 0 -21 -28 -74 -40 -74 -5 0 -2 12 6 28 7
15 14 32 14 39 0 7 17 24 37 38 44 29 44 29 37 11z m-4369 -15 c-3 -6 -11 -11
-17 -11 -6 0 -6 6 2 15 14 17 26 13 15 -4z m870 9 c3 -5 -1 -10 -9 -10 -9 0
-16 5 -16 10 0 6 4 10 9 10 6 0 13 -4 16 -10z m-1282 -19 c9 -1 10 -31 0 -31
-3 0 -14 7 -22 14 -11 10 -21 12 -31 6 -13 -8 -12 -10 3 -10 17 0 22 -11 10
-23 -3 -4 -12 -2 -20 5 -11 9 -12 7 -7 -7 5 -13 4 -16 -5 -11 -6 4 -18 2 -26
-4 -28 -23 -15 4 17 37 21 21 38 31 52 28 12 -2 24 -4 29 -4z m4668 -10 c-36
-36 -51 -74 -36 -94 7 -9 20 -17 30 -17 14 0 13 -3 -6 -21 -23 -19 -23 -20 -2
-9 19 9 22 8 17 -5 -4 -8 -14 -15 -25 -15 -13 0 -22 -12 -30 -40 -12 -38 -13
-39 -26 -20 -17 24 -33 26 -33 3 0 -9 -2 -14 -5 -11 -9 8 16 101 31 119 8 9
11 18 8 21 -9 9 66 108 82 108 10 0 9 -5 -5 -19z m-1597 0 c3 -5 -5 -11 -19
-13 -17 -4 -25 -1 -25 8 0 15 36 19 44 5z m-2204 -49 c0 -8 -9 -26 -21 -40
-16 -21 -28 -26 -52 -23 -63 6 -94 41 -36 41 42 0 66 15 73 46 7 25 8 26 21 8
8 -11 15 -25 15 -32z m-1334 24 c19 -14 19 -15 0 -22 -13 -5 -23 -1 -32 11 -8
10 -14 13 -14 7 0 -7 -3 -11 -7 -10 -5 0 -16 -2 -26 -7 -24 -10 -33 1 -17 20
16 19 70 20 96 1z m-141 -56 c-15 -23 -29 -39 -32 -36 -4 3 1 14 10 24 10 10
17 23 17 28 0 12 22 35 28 30 2 -2 -8 -23 -23 -46z m640 10 c-9 -16 -22 -30
-30 -30 -8 0 -30 -9 -50 -20 -20 -11 -35 -15 -35 -9 0 8 -5 7 -15 -1 -13 -11
-14 -10 -9 4 3 9 13 16 20 16 8 0 37 16 65 35 63 43 74 44 54 5z m2650 15 l30
-13 -27 -1 c-24 -1 -53 -21 -30 -21 6 0 13 -7 16 -16 4 -11 -8 -21 -44 -38
-48 -23 -55 -36 -18 -36 10 0 18 -4 18 -10 0 -5 -13 -10 -29 -10 -32 0 -50
-15 -29 -23 9 -4 7 -6 -3 -6 -25 -1 -59 34 -59 62 0 40 32 85 75 107 47 23 59
24 100 5z m-2475 -12 c0 -3 -8 -15 -17 -25 -17 -19 -16 -20 5 -36 l22 -17 -30
-19 c-23 -13 -28 -21 -20 -31 16 -19 -14 -39 -46 -31 -15 4 -23 3 -20 -3 3 -5
-8 -14 -25 -20 -21 -7 -29 -16 -26 -25 4 -11 -12 -24 -54 -45 -67 -33 -79 -28
-20 9 21 14 46 38 55 53 9 16 25 31 36 34 21 6 21 6 25 43 1 13 7 26 13 28 6
2 8 14 6 28 -3 19 3 28 28 44 32 20 68 27 68 13z m2965 -13 c93 -18 159 -38
180 -55 19 -14 19 -15 1 -8 -11 4 -17 2 -13 -3 3 -5 -3 -11 -14 -12 -61 -6
-79 -4 -94 11 -22 22 -55 22 -56 0 -1 -17 -2 -17 -6 0 -6 23 -23 22 -23 -2 0
-10 7 -21 15 -25 28 -11 3 -34 -54 -50 -43 -12 -66 -14 -85 -6 -18 7 -26 6
-26 -1 0 -8 -5 -7 -15 1 -8 7 -15 19 -15 27 0 9 -6 13 -15 9 -9 -3 -21 4 -29
17 -29 44 -24 58 29 88 55 32 98 33 220 9z m1379 -25 c-9 -14 -19 -23 -22 -21
-2 3 -14 -14 -26 -37 -19 -36 -20 -45 -10 -64 11 -18 11 -23 -3 -34 -9 -8 -29
-14 -44 -15 -26 -2 -28 1 -23 25 4 14 11 30 15 36 14 14 10 25 -6 19 -26 -10
-17 4 31 48 71 66 118 89 88 43z m1406 -19 c0 -16 -14 -36 -25 -36 -17 0 -27
27 -12 34 16 6 37 7 37 2z m-4085 -33 c5 -13 13 -23 17 -23 20 0 6 -49 -19
-66 -15 -9 -37 -26 -48 -37 -44 -42 -95 -78 -95 -68 0 6 9 19 20 28 11 10 20
23 20 29 0 6 11 19 25 28 30 20 31 27 5 44 -15 9 -26 10 -38 3 -14 -8 -14 -11
-2 -11 12 0 11 -3 -2 -11 -10 -5 -18 -15 -18 -22 -1 -14 -35 -57 -45 -57 -12
0 5 53 28 87 12 18 27 33 32 33 6 0 23 16 40 35 33 41 64 43 80 8z m1011 11
c-3 -9 -6 -24 -6 -35 0 -10 -4 -19 -10 -19 -11 0 -14 53 -3 63 12 13 25 7 19
-9z m-908 -6 c-6 -17 -36 -34 -45 -24 -4 4 1 14 11 22 24 17 39 18 34 2z
m-2570 -18 c-7 -11 -20 -20 -28 -20 -10 0 -7 7 10 20 31 25 33 25 18 0z m575
-1 c4 -13 11 -20 20 -16 8 3 20 1 28 -3 20 -13 -33 -30 -98 -33 -37 -1 -53 2
-53 11 0 6 6 12 14 12 8 0 28 11 43 25 35 30 39 31 46 4z m-663 -29 c-20 -13
-43 -13 -35 0 3 6 16 10 28 10 18 0 19 -2 7 -10z m1644 -3 c25 -18 10 -45 -29
-53 -19 -3 -62 -23 -97 -43 -35 -20 -79 -43 -98 -50 -19 -8 -40 -18 -46 -23
-7 -5 -14 -2 -18 8 -6 16 16 55 63 112 44 51 181 82 225 49z m1206 2 c0 -5 -5
-7 -10 -4 -6 4 -24 0 -40 -9 -16 -8 -43 -17 -60 -21 -16 -4 -30 -11 -30 -16 0
-5 -6 -9 -12 -9 -25 1 55 59 86 63 59 7 66 7 66 -4z m-383 -41 c-3 -8 -6 -5
-6 6 -1 11 2 17 5 13 3 -3 4 -12 1 -19z m253 -79 c0 -11 -4 -18 -10 -14 -5 3
-7 12 -3 20 7 21 13 19 13 -6z m70 7 c0 -2 -7 -6 -15 -10 -8 -3 -15 -1 -15 4
0 6 7 10 15 10 8 0 15 -2 15 -4z m-120 -32 c0 -3 -7 -12 -15 -21 -20 -19 -32
-9 -15 12 12 15 30 20 30 9z m-122 -44 c-14 -22 -24 -19 -15 5 4 8 11 15 17
15 6 0 6 -7 -2 -20z m-1102 -2 c-34 -8 -50 -16 -53 -29 -7 -27 -33 -24 -33 4
0 34 7 37 74 36 l61 -1 -49 -10z m1024 2 c0 -5 -12 -10 -26 -10 -14 0 -23 4
-19 10 3 6 15 10 26 10 10 0 19 -4 19 -10z m-993 -26 c-20 -11 -38 -13 -55 -8
-25 7 -23 8 18 14 25 4 50 7 55 8 6 1 -3 -6 -18 -14z m-1242 -44 c-28 -12 -37
-12 -30 0 3 6 16 10 28 9 21 0 21 -1 2 -9z m35 -9 c0 -5 -13 -14 -30 -20 -16
-5 -30 -6 -30 -1 0 7 23 18 58 29 1 1 2 -3 2 -8z m-90 -8 c-8 -3 -23 -12 -32
-20 -9 -8 -25 -13 -35 -11 -15 3 -13 7 12 21 17 9 39 16 50 16 14 0 16 -2 5
-6z m120 -43 c0 -5 -7 -10 -16 -10 -8 0 -12 5 -9 10 3 6 10 10 16 10 5 0 9 -4
9 -10z m-45 -20 c-3 -5 -11 -10 -16 -10 -6 0 -7 5 -4 10 3 6 11 10 16 10 6 0
7 -4 4 -10z m-65 -27 c0 -10 -32 -43 -42 -43 -13 0 -9 17 8 34 16 16 34 21 34
9z m40 -3 c0 -5 -2 -10 -4 -10 -3 0 -8 5 -11 10 -3 6 -1 10 4 10 6 0 11 -4 11
-10z m-103 -7 c-17 -16 -88 -42 -85 -30 3 6 20 17 39 24 39 14 55 16 46 6z"/>
<path d="M5411 3070 c1 -8 5 -26 9 -40 l8 -25 1 25 c0 14 -4 32 -9 40 -9 13
-10 13 -9 0z"/>
<path d="M5461 3064 c0 -11 3 -14 6 -6 3 7 2 16 -1 19 -3 4 -6 -2 -5 -13z"/>
<path d="M5318 2953 c-2 -27 -1 -50 3 -53 3 -3 10 -15 14 -28 9 -32 30 -22 29
14 -2 42 -23 114 -33 114 -5 0 -11 -21 -13 -47z"/>
<path d="M5448 2770 c2 -91 9 -172 14 -180 11 -18 1 255 -11 310 -4 19 -6 -39
-3 -130z"/>
<path d="M5406 2901 c-4 -7 -5 -15 -2 -18 9 -9 19 4 14 18 -4 11 -6 11 -12 0z"/>
<path d="M5482 2750 c0 -14 2 -19 5 -12 2 6 2 18 0 25 -3 6 -5 1 -5 -13z"/>
<path d="M5381 2741 c-1 -7 11 -24 27 -37 23 -21 28 -22 30 -8 2 9 -1 20 -8
24 -9 6 -9 9 1 12 8 3 10 9 6 14 -4 4 -16 3 -27 -4 -14 -9 -20 -9 -23 1 -4 8
-6 8 -6 -2z"/>
<path d="M5362 2432 c1 -4 -2 -20 -7 -35 -8 -32 -8 -32 23 -42 17 -5 23 -3 21
7 -2 7 2 23 9 36 11 19 10 23 -3 27 -8 3 -22 7 -30 10 -8 2 -14 1 -13 -3z"/>
<path d="M4953 3080 c0 -25 2 -35 4 -22 2 12 2 32 0 45 -2 12 -4 2 -4 -23z"/>
<path d="M4976 2988 c-13 -14 -15 -23 -8 -26 7 -2 12 -12 12 -23 0 -10 5 -19
10 -19 17 0 23 29 14 61 l-9 30 -19 -23z"/>
<path d="M4935 2920 c9 -89 21 -103 20 -25 0 41 -5 69 -14 77 -11 11 -12 3 -6
-52z"/>
<path d="M4612 2870 c0 -14 2 -19 5 -12 2 6 2 18 0 25 -3 6 -5 1 -5 -13z"/>
<path d="M4960 2870 c0 -6 4 -10 10 -10 5 0 7 -7 4 -15 -5 -11 -2 -13 9 -9 9
3 13 12 11 19 -7 16 -34 28 -34 15z"/>
<path d="M4701 2823 c-1 -17 4 -35 9 -38 11 -7 11 9 0 45 -8 24 -8 24 -9 -7z"/>
<path d="M4622 2780 c0 -14 2 -19 5 -12 2 6 2 18 0 25 -3 6 -5 1 -5 -13z"/>
<path d="M4741 2774 c0 -11 3 -14 6 -6 3 7 2 16 -1 19 -3 4 -6 -2 -5 -13z"/>
<path d="M4625 2730 c-3 -5 -1 -10 4 -10 6 0 11 5 11 10 0 6 -2 10 -4 10 -3 0
-8 -4 -11 -10z"/>
<path d="M4751 2712 c-1 -28 22 -92 33 -92 5 0 -11 71 -23 101 -9 23 -10 23
-10 -9z"/>
<path d="M4630 2689 c0 -11 4 -18 10 -14 5 3 7 12 3 20 -7 21 -13 19 -13 -6z"/>
<path d="M5237 2674 c-15 -8 -25 -19 -22 -24 7 -11 55 17 55 31 0 11 1 11 -33
-7z"/>
<path d="M4888 2673 c7 -3 16 -2 19 1 4 3 -2 6 -13 5 -11 0 -14 -3 -6 -6z"/>
<path d="M4757 2596 c-4 -9 -3 -16 2 -16 4 0 13 -10 19 -22 10 -22 11 -22 11
-2 1 11 -5 28 -12 38 -12 17 -14 17 -20 2z"/>
<path d="M4797 2589 c4 -13 8 -18 11 -10 2 7 -1 18 -6 23 -8 8 -9 4 -5 -13z"/>
<path d="M4680 2569 c0 -5 5 -7 10 -4 6 3 10 8 10 11 0 2 -4 4 -10 4 -5 0 -10
-5 -10 -11z"/>
<path d="M4662 2530 c0 -14 2 -19 5 -12 2 6 2 18 0 25 -3 6 -5 1 -5 -13z"/>
<path d="M4625 2500 c-3 -5 -1 -10 4 -10 6 0 11 5 11 10 0 6 -2 10 -4 10 -3 0
-8 -4 -11 -10z"/>
<path d="M4515 2470 c-27 -5 -79 -20 -115 -35 -113 -46 -367 -175 -393 -199
-39 -36 -61 -86 -37 -86 6 0 10 8 10 18 0 44 70 68 150 52 40 -8 47 -7 63 12
24 29 86 61 108 55 11 -3 16 0 13 8 -6 14 12 30 44 38 18 4 22 2 18 -10 -4 -9
1 -21 11 -29 24 -18 33 -17 33 2 0 44 79 106 153 119 12 3 32 17 44 32 29 36
21 43 -9 8 -17 -19 -31 -26 -48 -23 l-25 4 28 12 c15 6 27 16 27 22 0 11 -3
11 -75 0z"/>
<path d="M4801 2350 c-8 -4 -11 -15 -8 -24 4 -9 2 -16 -3 -16 -6 0 -10 -7 -10
-16 0 -12 -6 -15 -25 -10 -14 4 -25 2 -25 -4 0 -5 4 -10 9 -10 6 0 27 -16 48
-36 53 -49 93 -77 93 -65 0 6 7 8 15 5 9 -4 18 1 21 10 9 24 1 28 -31 16 -23
-9 -26 -8 -21 6 3 8 6 18 6 20 0 2 11 4 24 4 21 0 24 6 28 40 3 36 0 41 -34
64 -24 16 -38 20 -41 13 -3 -9 -7 -9 -18 0 -9 7 -20 8 -28 3z"/>
<path d="M4425 2251 c-6 -5 -19 -11 -30 -13 -18 -4 -17 -6 8 -18 23 -11 30
-11 36 -1 5 7 11 12 15 11 4 -1 12 1 19 3 9 4 8 8 -3 16 -19 13 -33 14 -45 2z"/>
<path d="M4950 2240 c0 -5 4 -10 9 -10 6 0 13 5 16 10 3 6 -1 10 -9 10 -9 0
-16 -4 -16 -10z"/>
<path d="M3640 2180 c0 -5 7 -10 16 -10 8 0 12 5 9 10 -3 6 -10 10 -16 10 -5
0 -9 -4 -9 -10z"/>
<path d="M4146 2042 c-3 -6 1 -15 8 -21 8 -7 17 -8 20 -3 3 6 -1 15 -8 21 -8
7 -17 8 -20 3z"/>
<path d="M4212 1928 c6 -18 28 -21 28 -4 0 9 -7 16 -16 16 -9 0 -14 -5 -12
-12z"/>
<path d="M3985 1861 c-28 -27 -132 -81 -157 -81 -17 0 -28 -5 -28 -14 0 -18
157 -17 165 2 2 6 11 12 20 12 13 0 15 7 10 34 -5 27 -3 36 12 45 14 8 15 10
3 11 -9 0 -20 -4 -25 -9z"/>
<path d="M3590 1660 c0 -5 7 -7 15 -4 8 4 15 8 15 10 0 2 -7 4 -15 4 -8 0 -15
-4 -15 -10z"/>
<path d="M3530 1630 c-12 -8 -9 -10 13 -10 15 0 27 5 27 10 0 13 -20 13 -40 0z"/>
<path d="M3025 1600 c-24 -4 -30 -11 -31 -30 0 -24 -3 -34 -25 -87 -5 -15 -17
-23 -33 -23 -22 0 -51 -22 -41 -31 2 -3 20 -3 39 -1 24 3 36 10 39 24 5 16 9
18 26 9 11 -6 29 -11 40 -11 12 0 21 -4 21 -10 0 -5 -4 -10 -10 -10 -5 0 -10
-6 -10 -14 0 -10 21 -15 78 -19 42 -2 80 -3 84 0 4 2 -1 14 -12 25 -26 28 -25
33 9 59 16 12 32 30 34 40 4 13 14 19 36 19 33 0 38 9 20 39 -11 17 -15 15
-56 -26 -47 -48 -80 -54 -76 -15 2 18 -5 27 -35 39 -20 9 -41 16 -46 14 -5 -1
-12 2 -15 6 -3 5 -19 6 -36 3z"/>
<path d="M3310 1501 c0 -5 -9 -13 -20 -16 -11 -3 -20 -15 -20 -26 0 -11 -6
-28 -12 -39 -8 -13 -9 -23 -3 -29 10 -9 165 -45 170 -39 14 21 45 77 45 82 0
3 -18 6 -41 6 -25 0 -38 -4 -34 -10 4 -6 15 -8 25 -5 19 6 22 -8 7 -32 -11
-18 -21 -16 -32 5 -43 79 -85 130 -85 103z"/>
<path d="M2700 1338 c0 -9 5 -20 10 -23 13 -8 13 5 0 25 -8 13 -10 13 -10 -2z"/>
<path d="M2800 1333 c-21 -8 -39 -34 -40 -55 0 -11 -8 -18 -20 -18 -11 0 -20
-4 -20 -8 0 -13 139 -29 150 -18 12 12 13 46 1 46 -5 0 -14 14 -21 30 -12 30
-21 34 -50 23z"/>
<path d="M3191 1320 c-36 -11 -75 -15 -113 -12 -32 2 -58 1 -58 -3 0 -10 27
-35 39 -35 6 0 11 -5 11 -10 0 -7 6 -7 20 0 11 6 38 12 61 14 25 2 45 10 51
20 14 25 47 39 62 26 10 -8 15 -7 19 2 7 19 -29 18 -92 -2z"/>
<path d="M2602 1272 c13 -35 105 -171 113 -169 20 7 15 44 -9 68 -13 14 -28
37 -31 52 -4 15 -17 34 -28 42 -23 16 -51 20 -45 7z"/>
<path d="M2768 1183 c-10 -2 -18 -9 -18 -14 0 -11 39 -2 55 12 9 9 -6 10 -37
2z"/>
<path d="M2845 1030 c3 -5 13 -10 21 -10 8 0 14 5 14 10 0 6 -9 10 -21 10 -11
0 -17 -4 -14 -10z"/>
<path d="M2711 973 c0 -5 4 -17 9 -28 8 -18 9 -17 9 8 1 15 -3 27 -9 27 -5 0
-10 -3 -9 -7z"/>
<path d="M900 3300 c0 -5 5 -10 10 -10 6 0 10 5 10 10 0 6 -4 10 -10 10 -5 0
-10 -4 -10 -10z"/>
<path d="M1837 2513 c-9 -14 -5 -63 5 -63 5 0 8 10 6 22 -2 15 5 26 22 35 l25
13 -27 0 c-15 0 -29 -3 -31 -7z"/>
<path d="M1990 2185 c-10 -12 -10 -15 4 -15 9 0 16 7 16 15 0 8 -2 15 -4 15
-2 0 -9 -7 -16 -15z"/>
<path d="M1650 2182 c0 -10 -5 -23 -12 -30 -9 -9 -7 -12 9 -12 27 0 36 14 28
40 -8 25 -25 26 -25 2z"/>
<path d="M1570 2130 c0 -5 10 -15 23 -21 22 -12 22 -12 3 10 -21 23 -26 26
-26 11z"/>
<path d="M1670 2120 c0 -5 5 -10 10 -10 6 0 10 5 10 10 0 6 -4 10 -10 10 -5 0
-10 -4 -10 -10z"/>
<path d="M1248 2103 c7 -3 16 -2 19 1 4 3 -2 6 -13 5 -11 0 -14 -3 -6 -6z"/>
<path d="M740 1759 c0 -5 5 -7 10 -4 6 3 10 8 10 11 0 2 -4 4 -10 4 -5 0 -10
-5 -10 -11z"/>
<path d="M1428 1143 c7 -3 16 -2 19 1 4 3 -2 6 -13 5 -11 0 -14 -3 -6 -6z"/>
<path d="M550 769 c0 -5 5 -7 10 -4 6 3 10 8 10 11 0 2 -4 4 -10 4 -5 0 -10
-5 -10 -11z"/>
<path d="M505 840 c-3 -5 -2 -10 4 -10 5 0 13 5 16 10 3 6 2 10 -4 10 -5 0
-13 -4 -16 -10z"/>
<path d="M3990 660 c-9 -6 -10 -10 -3 -10 6 0 15 5 18 10 8 12 4 12 -15 0z"/>
<path d="M2650 579 c-14 -4 -20 -7 -14 -8 7 -1 15 -11 19 -23 6 -22 7 -22 15
6 11 35 12 35 -20 25z"/>
<path d="M6845 3720 c-8 -13 25 -13 45 0 12 8 9 10 -12 10 -15 0 -30 -4 -33
-10z"/>
<path d="M6656 3686 c3 -9 11 -16 16 -16 13 0 5 23 -10 28 -7 2 -10 -2 -6 -12z"/>
<path d="M6870 3661 c0 -19 17 -38 25 -29 7 7 -7 48 -16 48 -5 0 -9 -9 -9 -19z"/>
<path d="M7065 3629 c-11 -17 1 -21 15 -4 8 9 8 15 2 15 -6 0 -14 -5 -17 -11z"/>
<path d="M6953 3576 c4 -9 -7 -20 -31 -32 -51 -24 -92 -68 -92 -98 0 -13 -4
-28 -10 -31 -5 -3 -10 -13 -10 -22 0 -9 -7 -24 -16 -34 -14 -16 -14 -18 6 -29
11 -6 25 -22 30 -35 12 -31 41 -23 74 20 20 25 35 34 71 39 43 7 45 9 39 34
-10 39 -15 45 -27 33 -30 -30 -67 1 -67 56 0 28 31 73 50 73 12 0 40 -29 40
-41 0 -6 7 -3 16 5 19 19 30 76 15 76 -6 0 -8 -6 -6 -12 3 -8 -4 -13 -20 -13
-14 0 -25 6 -25 13 0 6 -9 12 -21 12 -14 0 -19 -5 -16 -14z"/>
<path d="M7140 3519 c-19 -3 -29 -7 -22 -8 8 0 21 -10 30 -22 18 -21 52 -18
52 6 0 22 -24 31 -60 24z"/>
<path d="M7056 3491 c-4 -6 -4 -39 0 -74 6 -64 7 -64 33 -56 14 4 45 13 69 19
37 10 42 14 42 40 0 17 -4 30 -10 30 -5 0 -10 -4 -10 -10 0 -5 -6 -10 -12 -10
-7 0 -26 -11 -42 -25 -34 -29 -36 -30 -36 -9 0 8 4 13 9 9 5 -3 12 -1 15 4 4
5 2 13 -4 16 -6 4 -10 16 -8 27 3 23 -36 56 -46 39z"/>
<path d="M6295 3475 c-17 -5 -31 -18 -31 -27 -2 -22 14 -23 40 -3 26 20 72 19
80 -1 3 -9 6 -26 6 -39 0 -13 10 -29 25 -39 27 -18 65 -21 65 -6 0 6 -11 10
-25 10 -30 0 -38 16 -39 75 l-1 43 -45 -1 c-25 -1 -58 -6 -75 -12z"/>
<path d="M5870 3462 c0 -4 5 -13 11 -19 9 -9 15 -8 25 2 20 19 17 25 -11 25
-14 0 -25 -4 -25 -8z"/>
<path d="M6660 3391 c-42 -8 -100 -41 -100 -58 0 -16 5 -16 30 -1 15 10 22 10
31 1 9 -9 24 -6 61 13 48 24 50 24 63 7 18 -25 27 -13 12 17 -13 27 -38 32
-97 21z"/>
<path d="M6090 3354 c0 0 7 -16 16 -34 12 -24 19 -29 25 -19 6 10 9 8 9 -8 0
-13 4 -23 9 -23 5 0 7 -9 4 -20 -3 -11 -1 -20 5 -20 12 0 9 67 -3 108 -6 17
-14 22 -36 20 -16 -1 -29 -3 -29 -4z"/>
<path d="M6190 3301 c0 -5 5 -13 10 -16 6 -3 10 -2 10 4 0 5 -4 13 -10 16 -5
3 -10 2 -10 -4z"/>
<path d="M6719 3292 c-38 -27 -67 -42 -84 -42 -8 0 -15 -4 -15 -10 0 -5 4 -10
8 -10 4 0 7 -17 5 -37 -2 -29 -1 -33 6 -18 5 11 34 37 65 59 53 36 67 58 47
70 -5 3 -19 -2 -32 -12z"/>
<path d="M5860 3253 c6 -17 18 -34 26 -37 9 -3 12 -10 9 -16 -3 -5 -1 -10 5
-10 10 0 50 58 50 74 0 5 -18 6 -39 3 -23 -3 -44 0 -50 6 -9 9 -9 3 -1 -20z"/>
<path d="M5980 3251 c0 -5 7 -14 15 -21 12 -10 15 -10 15 3 0 8 -7 17 -15 21
-8 3 -15 2 -15 -3z"/>
<path d="M6585 3240 c-3 -5 1 -10 10 -10 9 0 13 5 10 10 -3 6 -8 10 -10 10 -2
0 -7 -4 -10 -10z"/>
<path d="M400 3209 c0 -5 5 -7 10 -4 6 3 10 8 10 11 0 2 -4 4 -10 4 -5 0 -10
-5 -10 -11z"/>
<path d="M5848 3193 c6 -2 18 -2 25 0 6 3 1 5 -13 5 -14 0 -19 -2 -12 -5z"/>
<path d="M5882 3109 c-27 -47 -26 -54 6 -30 17 12 23 25 20 44 -3 26 -4 26
-26 -14z"/>
<path d="M6565 3140 c-3 -5 -1 -10 4 -10 6 0 11 5 11 10 0 6 -2 10 -4 10 -3 0
-8 -4 -11 -10z"/>
<path d="M420 3090 c0 -5 7 -7 15 -4 8 4 15 8 15 10 0 2 -7 4 -15 4 -8 0 -15
-4 -15 -10z"/>
<path d="M6160 3058 c0 -7 -3 -23 -6 -35 -8 -27 11 -30 41 -7 14 11 16 18 8
21 -7 3 -13 11 -13 19 0 8 -7 14 -15 14 -8 0 -15 -6 -15 -12z"/>
<path d="M5594 3028 c13 -42 16 -69 6 -63 -5 3 -10 -1 -10 -10 0 -9 5 -13 10
-10 6 4 10 -6 11 -22 0 -15 4 -37 9 -48 7 -16 9 -13 9 17 1 46 -18 136 -30
143 -5 4 -7 0 -5 -7z"/>
<path d="M497 2968 c6 -7 20 -44 31 -83 20 -67 81 -201 82 -180 0 6 -11 37
-25 70 -13 33 -25 69 -25 80 0 33 -43 125 -58 125 -10 0 -12 -4 -5 -12z"/>
<path d="M5602 2780 c0 -19 2 -27 5 -17 2 9 2 25 0 35 -3 9 -5 1 -5 -18z"/>
<path d="M607 2676 c-3 -8 0 -19 7 -25 10 -9 12 -6 8 14 -5 29 -8 31 -15 11z"/>
<path d="M453 2659 c10 -13 17 -32 17 -42 0 -10 7 -31 15 -45 8 -15 19 -39 24
-53 10 -28 61 -48 61 -24 0 7 10 19 23 28 20 14 20 17 6 29 -9 7 -25 27 -37
43 -11 17 -44 43 -73 59 -51 28 -52 28 -36 5z"/>
<path d="M640 2599 c0 -15 7 -32 15 -39 20 -17 20 5 0 40 l-14 25 -1 -26z"/>
<path d="M818 2533 c-10 -2 -18 -8 -18 -13 0 -4 -15 -11 -34 -14 -56 -11 -67
-44 -32 -98 24 -37 40 -36 33 1 -6 28 -3 30 40 45 30 10 50 12 58 6 8 -7 11 1
12 28 1 47 -12 57 -59 45z"/>
<path d="M5622 2500 c0 -19 2 -27 5 -17 2 9 2 25 0 35 -3 9 -5 1 -5 -18z"/>
<path d="M575 2390 c-10 -11 -23 -20 -28 -20 -11 0 -36 -30 -37 -44 0 -5 3 -6
6 -3 4 3 15 2 25 -4 13 -6 19 -6 19 0 0 6 14 26 30 44 17 19 30 37 30 41 0 13
-28 5 -45 -14z"/>
<path d="M5617 2383 c-4 -3 -7 -13 -7 -22 1 -13 3 -13 11 2 11 19 8 33 -4 20z"/>
<path d="M5670 2303 c-36 -10 -58 -26 -53 -39 3 -8 -1 -14 -8 -14 -10 0 -11
-2 0 -12 10 -11 14 -10 22 5 6 9 19 17 30 17 19 0 34 21 27 38 -1 5 -10 7 -18
5z"/>
<path d="M0 2217 c0 -55 0 -55 35 -61 22 -5 44 -2 63 8 15 8 57 18 92 22 52 6
62 5 55 -7 -5 -8 7 2 27 21 44 44 33 53 -63 46 -63 -4 -139 3 -191 20 -16 5
-18 -2 -18 -49z"/>
<path d="M5570 2200 c0 -13 7 -20 20 -20 23 0 26 10 8 28 -18 18 -28 15 -28
-8z"/>
<path d="M152 2161 c-11 -7 -10 -10 3 -15 23 -9 25 -8 25 9 0 17 -9 19 -28 6z"/>
<path d="M208 2143 c7 -3 16 -2 19 1 4 3 -2 6 -13 5 -11 0 -14 -3 -6 -6z"/>
<path d="M5464 2086 c-8 -22 1 -30 21 -19 15 9 15 11 1 22 -13 11 -17 10 -22
-3z"/>
<path d="M5265 1860 c-3 -5 -1 -10 4 -10 6 0 11 5 11 10 0 6 -2 10 -4 10 -3 0
-8 -4 -11 -10z"/>
<path d="M5160 1640 c0 -5 5 -10 11 -10 5 0 7 5 4 10 -3 6 -8 10 -11 10 -2 0
-4 -4 -4 -10z"/>
<path d="M7010 1400 c-20 -12 -5 -24 16 -12 9 5 12 12 7 15 -5 3 -15 2 -23 -3z"/>
<path d="M7090 1370 c0 -5 5 -10 11 -10 6 0 27 -7 46 -16 25 -13 37 -14 46 -5
8 8 6 11 -8 11 -11 0 -33 7 -49 15 -33 18 -46 19 -46 5z"/>
<path d="M374 1258 c-3 -4 -1 -15 4 -23 7 -14 10 -12 19 8 9 19 8 24 -3 24 -8
0 -17 -4 -20 -9z"/>
<path d="M7105 790 c-3 -5 1 -10 9 -10 8 0 18 5 21 10 3 6 -1 10 -9 10 -8 0
-18 -4 -21 -10z"/>
<path d="M7080 752 c0 -6 -10 -14 -22 -18 -21 -6 -21 -7 -3 -20 27 -20 79 -19
71 1 -3 10 1 15 11 15 24 0 4 17 -29 25 -17 5 -28 3 -28 -3z"/>
<path d="M33 728 c-25 -12 -31 -37 -10 -39 43 -4 77 12 77 37 0 16 -35 17 -67
2z"/>
<path d="M6490 724 c-18 -21 -2 -54 26 -54 20 0 24 5 24 29 0 32 -31 48 -50
25z"/>
<path d="M7030 610 c23 -32 40 -46 40 -33 0 9 -48 63 -56 63 -3 0 4 -13 16
-30z"/>
<path d="M7100 590 c0 -5 5 -10 11 -10 5 0 7 5 4 10 -3 6 -8 10 -11 10 -2 0
-4 -4 -4 -10z"/>
</g>
</svg>
